(52, 41, 64)
(0, 0, 'wall', [0, 0], 0, [-1, -1])
(0, 1, 'wall', [0, 0], 0, [-1, -1])
(0, 2, 'wall', [0, 0], 0, [-1, -1])
(0, 3, 'wall', [0, 0], 0, [-1, -1])
(0, 4, 'wall', [0, 0], 0, [-1, -1])
(0, 5, 'wall', [0, 0], 0, [-1, -1])
(0, 6, 'wall', [0, 0], 0, [-1, -1])
(0, 7, 'wall', [0, 0], 0, [-1, -1])
(0, 8, 'wall', [0, 0], 0, [-1, -1])
(0, 9, 'wall', [0, 0], 0, [-1, -1])
(0, 10, 'wall', [0, 0], 0, [-1, -1])
(0, 11, 'wall', [0, 0], 0, [-1, -1])
(0, 12, 'wall', [0, 0], 0, [-1, -1])
(0, 13, 'wall', [0, 0], 0, [-1, -1])
(0, 14, 'wall', [0, 0], 0, [-1, -1])
(0, 15, 'wall', [0, 0], 0, [-1, -1])
(0, 16, 'wall', [0, 0], 0, [-1, -1])
(0, 17, 'wall', [0, 0], 0, [-1, -1])
(0, 18, 'wall', [0, 0], 0, [-1, -1])
(0, 19, 'wall', [1, 0], 0, [-1, -1])
(0, 20, 'wall', [2, 0], 0, [-1, -1])
(0, 21, 'wall', [2, 0], 0, [-1, -1])
(0, 22, 'wall', [2, 0], 0, [-1, -1])
(0, 23, 'wall', [2, 0], 0, [-1, -1])
(0, 24, 'wall', [2, 0], 0, [-1, -1])
(0, 25, 'wall', [3, 0], 0, [-1, -1])
(0, 26, 'wall', [0, 0], 0, [-1, -1])
(0, 27, 'wall', [0, 0], 0, [-1, -1])
(0, 28, 'wall', [0, 0], 0, [-1, -1])
(0, 29, 'wall', [0, 0], 0, [-1, -1])
(0, 30, 'wall', [0, 0], 0, [-1, -1])
(0, 31, 'wall', [0, 0], 0, [-1, -1])
(0, 32, 'wall', [0, 0], 0, [-1, -1])
(0, 33, 'wall', [0, 0], 0, [-1, -1])
(0, 34, 'wall', [0, 0], 0, [-1, -1])
(0, 35, 'wall', [0, 0], 0, [-1, -1])
(0, 36, 'wall', [0, 0], 0, [-1, -1])
(0, 37, 'wall', [0, 0], 0, [-1, -1])
(0, 38, 'wall', [0, 0], 0, [-1, -1])
(0, 39, 'wall', [0, 0], 0, [-1, -1])
(0, 40, 'wall', [0, 0], 0, [-1, -1])
(0, 41, 'wall', [0, 0], 0, [-1, -1])
(0, 42, 'wall', [0, 0], 0, [-1, -1])
(0, 43, 'wall', [0, 0], 0, [-1, -1])
(0, 44, 'wall', [0, 0], 0, [-1, -1])
(0, 45, 'wall', [0, 0], 0, [-1, -1])
(0, 46, 'wall', [0, 0], 0, [-1, -1])
(0, 47, 'wall', [0, 0], 0, [-1, -1])
(0, 48, 'wall', [0, 0], 0, [-1, -1])
(0, 49, 'wall', [0, 0], 0, [-1, -1])
(0, 50, 'wall', [0, 0], 0, [-1, -1])
(0, 51, 'wall', [0, 0], 0, [-1, -1])
(1, 0, 'wall', [0, 0], 0, [-1, -1])
(1, 1, 'wall', [0, 0], 0, [-1, -1])
(1, 2, 'wall', [1, 0], 0, [-1, -1])
(1, 3, 'wall', [2, 0], 0, [-1, -1])
(1, 4, 'wall', [2, 0], 0, [-1, -1])
(1, 5, 'wall', [2, 0], 0, [-1, -1])
(1, 6, 'wall', [2, 0], 0, [-1, -1])
(1, 7, 'wall', [2, 0], 0, [-1, -1])
(1, 8, 'wall', [2, 0], 0, [-1, -1])
(1, 9, 'wall', [2, 0], 0, [-1, -1])
(1, 10, 'wall', [2, 0], 0, [-1, -1])
(1, 11, 'wall', [2, 0], 0, [-1, -1])
(1, 12, 'wall', [2, 0], 0, [-1, -1])
(1, 13, 'wall', [3, 0], 0, [-1, -1])
(1, 14, 'wall', [0, 0], 0, [-1, -1])
(1, 15, 'wall', [0, 0], 0, [-1, -1])
(1, 16, 'wall', [1, 0], 0, [-1, -1])
(1, 17, 'wall', [2, 0], 0, [-1, -1])
(1, 18, 'wall', [2, 0], 0, [-1, -1])
(1, 19, 'wall', [2, 0], 1350, [5, 1])
(1, 20, 'wall', [4, 3], 0, [-1, -1])
(1, 21, 'wall', [4, 3], 0, [-1, -1])
(1, 22, 'wall', [4, 3], 1350, [5, 2])
(1, 23, 'wall', [4, 3], 0, [-1, -1])
(1, 24, 'wall', [4, 3], 0, [-1, -1])
(1, 25, 'wall', [2, 0], 1350, [4, 1])
(1, 26, 'wall', [2, 0], 0, [-1, -1])
(1, 27, 'wall', [2, 0], 0, [-1, -1])
(1, 28, 'wall', [3, 0], 0, [-1, -1])
(1, 29, 'wall', [0, 0], 0, [-1, -1])
(1, 30, 'wall', [0, 0], 0, [-1, -1])
(1, 31, 'wall', [0, 0], 0, [-1, -1])
(1, 32, 'wall', [0, 0], 0, [-1, -1])
(1, 33, 'wall', [0, 0], 0, [-1, -1])
(1, 34, 'wall', [0, 0], 0, [-1, -1])
(1, 35, 'wall', [0, 0], 0, [-1, -1])
(1, 36, 'wall', [0, 0], 0, [-1, -1])
(1, 37, 'wall', [0, 0], 0, [-1, -1])
(1, 38, 'wall', [0, 0], 0, [-1, -1])
(1, 39, 'wall', [0, 0], 1710, [0, 1])
(1, 40, 'wall', [0, 0], 0, [-1, -1])
(1, 41, 'wall', [1, 0], 0, [-1, -1])
(1, 42, 'wall', [2, 0], 0, [-1, -1])
(1, 43, 'wall', [2, 0], 0, [-1, -1])
(1, 44, 'wall', [2, 0], 0, [-1, -1])
(1, 45, 'wall', [2, 0], 0, [-1, -1])
(1, 46, 'wall', [2, 0], 0, [-1, -1])
(1, 47, 'wall', [2, 0], 0, [-1, -1])
(1, 48, 'wall', [2, 0], 0, [-1, -1])
(1, 49, 'wall', [2, 0], 0, [-1, -1])
(1, 50, 'wall', [3, 0], 0, [-1, -1])
(1, 51, 'wall', [0, 0], 0, [-1, -1])
(2, 0, 'wall', [0, 0], 0, [-1, -1])
(2, 1, 'wall', [0, 0], 1350, [0, 2])
(2, 2, 'wall', [1, 1], 0, [-1, -1])
(2, 3, 'wall', [4, 3], 0, [-1, -1])
(2, 4, 'wall', [4, 3], 0, [-1, -1])
(2, 5, 'wall', [4, 3], 0, [5, 2])
(2, 6, 'wall', [4, 3], 0, [-1, -1])
(2, 7, 'wall', [4, 3], 0, [10, 2])
(2, 8, 'wall', [4, 3], 0, [11, 2])
(2, 9, 'wall', [4, 3], 0, [-1, -1])
(2, 10, 'wall', [4, 3], 0, [5, 2])
(2, 11, 'wall', [4, 3], 0, [-1, -1])
(2, 12, 'wall', [4, 3], 0, [-1, -1])
(2, 13, 'wall', [3, 1], 0, [-1, -1])
(2, 14, 'wall', [0, 0], 1350, [0, 2])
(2, 15, 'wall', [0, 0], 0, [-1, -1])
(2, 16, 'wall', [1, 1], 0, [-1, -1])
(2, 17, 'wall', [4, 3], 0, [-1, -1])
(2, 18, 'wall', [4, 3], 0, [-1, -1])
(2, 19, 'wall', [11, 4], 0, [-1, -1])
(2, 20, 'floor', [4, 4], 90, [5, 7])
(2, 21, 'floor', [2, 4], 0, [-1, -1])
(2, 22, 'floor', [2, 4], 0, [-1, -1])
(2, 23, 'floor', [2, 4], 0, [-1, -1])
(2, 24, 'floor', [2, 4], 0, [7, 9])
(2, 25, 'wall', [9, 4], 0, [-1, -1])
(2, 26, 'wall', [4, 3], 0, [-1, -1])
(2, 27, 'wall', [4, 3], 0, [-1, -1])
(2, 28, 'wall', [3, 1], 0, [-1, -1])
(2, 29, 'wall', [0, 0], 0, [-1, -1])
(2, 30, 'wall', [0, 0], 0, [-1, -1])
(2, 31, 'wall', [0, 0], 0, [-1, -1])
(2, 32, 'wall', [0, 0], 0, [-1, -1])
(2, 33, 'wall', [0, 0], 0, [-1, -1])
(2, 34, 'wall', [0, 0], 0, [-1, -1])
(2, 35, 'wall', [0, 0], 0, [-1, -1])
(2, 36, 'wall', [0, 0], 0, [-1, -1])
(2, 37, 'wall', [0, 0], 0, [-1, -1])
(2, 38, 'wall', [0, 0], 0, [-1, -1])
(2, 39, 'wall', [0, 0], 0, [-1, -1])
(2, 40, 'wall', [0, 0], 0, [-1, -1])
(2, 41, 'wall', [1, 1], 0, [-1, -1])
(2, 42, 'wall', [4, 3], 0, [-1, -1])
(2, 43, 'wall', [4, 3], 0, [-1, -1])
(2, 44, 'wall', [4, 3], 0, [-1, -1])
(2, 45, 'wall', [4, 3], 0, [-1, -1])
(2, 46, 'wall', [4, 3], 0, [-1, -1])
(2, 47, 'wall', [4, 3], 0, [-1, -1])
(2, 48, 'wall', [4, 3], 0, [-1, -1])
(2, 49, 'wall', [4, 3], 0, [-1, -1])
(2, 50, 'wall', [3, 1], 0, [-1, -1])
(2, 51, 'wall', [0, 0], 0, [-1, -1])
(3, 0, 'wall', [0, 0], 0, [-1, -1])
(3, 1, 'wall', [0, 0], 0, [-1, -1])
(3, 2, 'wall', [1, 1], 0, [-1, -1])
(3, 3, 'floor', [4, 4], 90, [10, 6])
(3, 4, 'floor', [2, 4], 0, [-1, -1])
(3, 5, 'floor', [2, 4], 0, [-1, -1])
(3, 6, 'floor', [2, 4], 0, [-1, -1])
(3, 7, 'floor', [2, 4], 0, [-1, -1])
(3, 8, 'floor', [2, 4], 0, [-1, -1])
(3, 9, 'floor', [2, 4], 0, [-1, -1])
(3, 10, 'floor', [2, 4], 0, [-1, -1])
(3, 11, 'floor', [2, 4], 0, [-1, -1])
(3, 12, 'floor', [2, 4], 0, [3, 5])
(3, 13, 'wall', [3, 1], 0, [-1, -1])
(3, 14, 'wall', [0, 0], 0, [-1, -1])
(3, 15, 'wall', [0, 0], 0, [-1, -1])
(3, 16, 'wall', [1, 1], 0, [-1, -1])
(3, 17, 'floor', [4, 4], 90, [-1, -1])
(3, 18, 'floor', [2, 4], 0, [-1, -1])
(3, 19, 'floor', [2, 4], 0, [-1, -1])
(3, 20, 'floor', [0, 4], 0, [-1, -1])
(3, 21, 'floor', [0, 4], 0, [-1, -1])
(3, 22, 'floor', [0, 4], 0, [-1, -1])
(3, 23, 'floor', [0, 4], 0, [-1, -1])
(3, 24, 'floor', [0, 4], 0, [-1, -1])
(3, 25, 'floor', [2, 4], 0, [-1, -1])
(3, 26, 'floor', [2, 4], 0, [-1, -1])
(3, 27, 'floor', [2, 4], 0, [-1, -1])
(3, 28, 'wall', [3, 1], 0, [-1, -1])
(3, 29, 'wall', [0, 0], 0, [-1, -1])
(3, 30, 'wall', [0, 0], 0, [-1, -1])
(3, 31, 'wall', [0, 0], 1350, [0, 1])
(3, 32, 'wall', [0, 0], 0, [-1, -1])
(3, 33, 'wall', [1, 0], 0, [-1, -1])
(3, 34, 'wall', [2, 0], 0, [-1, -1])
(3, 35, 'wall', [2, 0], 0, [-1, -1])
(3, 36, 'wall', [2, 0], 0, [-1, -1])
(3, 37, 'wall', [2, 0], 0, [-1, -1])
(3, 38, 'wall', [2, 0], 0, [-1, -1])
(3, 39, 'wall', [2, 0], 0, [-1, -1])
(3, 40, 'wall', [2, 0], 0, [-1, -1])
(3, 41, 'wall', [5, 1], 0, [-1, -1])
(3, 42, 'floor', [4, 4], 90, [5, 7])
(3, 43, 'floor', [2, 4], 0, [-1, -1])
(3, 44, 'floor', [2, 4], 0, [-1, -1])
(3, 45, 'floor', [2, 4], 0, [-1, -1])
(3, 46, 'floor', [2, 4], 0, [-1, -1])
(3, 47, 'floor', [2, 4], 0, [-1, -1])
(3, 48, 'floor', [2, 4], 0, [-1, -1])
(3, 49, 'floor', [2, 4], 0, [7, 9])
(3, 50, 'wall', [3, 1], 0, [-1, -1])
(3, 51, 'wall', [0, 0], 0, [-1, -1])
(4, 0, 'wall', [0, 0], 0, [-1, -1])
(4, 1, 'wall', [0, 0], 0, [-1, -1])
(4, 2, 'wall', [1, 1], 0, [-1, -1])
(4, 3, 'floor', [2, 4], 90, [-1, -1])
(4, 4, 'floor', [1, 4], 0, [4, 5])
(4, 5, 'floor', [0, 4], 0, [-1, -1])
(4, 6, 'floor', [0, 4], 0, [6, 3])
(4, 7, 'floor', [0, 4], 0, [-1, -1])
(4, 8, 'floor', [0, 4], 0, [-1, -1])
(4, 9, 'floor', [0, 4], 0, [-1, -1])
(4, 10, 'floor', [0, 4], 0, [-1, -1])
(4, 11, 'floor', [0, 4], 0, [5, 5])
(4, 12, 'floor', [0, 4], 0, [5, 5])
(4, 13, 'wall', [3, 1], 0, [-1, -1])
(4, 14, 'wall', [0, 0], 0, [-1, -1])
(4, 15, 'wall', [0, 0], 0, [-1, -1])
(4, 16, 'wall', [1, 1], 0, [-1, -1])
(4, 17, 'floor', [2, 4], 90, [-1, -1])
(4, 18, 'floor', [0, 4], 90, [-1, -1])
(4, 19, 'floor', [0, 4], 1350, [6, 3])
(4, 20, 'floor', [1, 4], 0, [-1, -1])
(4, 21, 'floor', [0, 4], 0, [-1, -1])
(4, 22, 'floor', [0, 4], 0, [-1, -1])
(4, 23, 'floor', [0, 4], 0, [-1, -1])
(4, 24, 'floor', [0, 4], 0, [-1, -1])
(4, 25, 'floor', [0, 4], 0, [-1, -1])
(4, 26, 'floor', [0, 4], 0, [-1, -1])
(4, 27, 'floor', [0, 4], 0, [-1, -1])
(4, 28, 'wall', [3, 1], 0, [-1, -1])
(4, 29, 'wall', [0, 0], 0, [-1, -1])
(4, 30, 'wall', [0, 0], 0, [-1, -1])
(4, 31, 'wall', [0, 0], 0, [-1, -1])
(4, 32, 'wall', [0, 0], 0, [-1, -1])
(4, 33, 'wall', [1, 1], 0, [-1, -1])
(4, 34, 'wall', [4, 3], 0, [-1, -1])
(4, 35, 'wall', [4, 3], 0, [-1, -1])
(4, 36, 'wall', [4, 3], 0, [-1, -1])
(4, 37, 'wall', [4, 3], 0, [-1, -1])
(4, 38, 'wall', [4, 3], 0, [-1, -1])
(4, 39, 'wall', [4, 3], 0, [-1, -1])
(4, 40, 'wall', [4, 3], 0, [-1, -1])
(4, 41, 'wall', [11, 4], 0, [-1, -1])
(4, 42, 'floor', [2, 4], 90, [-1, -1])
(4, 43, 'floor', [0, 4], 0, [-1, -1])
(4, 44, 'floor', [0, 4], 0, [-1, -1])
(4, 45, 'floor', [0, 4], 0, [-1, -1])
(4, 46, 'floor', [1, 4], 0, [-1, -1])
(4, 47, 'floor', [0, 4], 0, [-1, -1])
(4, 48, 'floor', [0, 4], 0, [-1, -1])
(4, 49, 'floor', [0, 4], 0, [-1, -1])
(4, 50, 'wall', [3, 1], 0, [-1, -1])
(4, 51, 'wall', [0, 0], 0, [-1, -1])
(5, 0, 'wall', [0, 0], 0, [-1, -1])
(5, 1, 'wall', [0, 0], 0, [-1, -1])
(5, 2, 'wall', [1, 1], 0, [-1, -1])
(5, 3, 'floor', [2, 4], 90, [-1, -1])
(5, 4, 'floor', [0, 4], 0, [-1, -1])
(5, 5, 'floor', [0, 4], 0, [-1, -1])
(5, 6, 'floor', [0, 4], 0, [-1, -1])
(5, 7, 'floor', [0, 4], 0, [-1, -1])
(5, 8, 'floor', [0, 4], 0, [-1, -1])
(5, 9, 'floor', [0, 4], 0, [-1, -1])
(5, 10, 'floor', [0, 4], 0, [-1, -1])
(5, 11, 'floor', [1, 4], 0, [-1, -1])
(5, 12, 'floor', [0, 4], 0, [-1, -1])
(5, 13, 'wall', [3, 1], 0, [-1, -1])
(5, 14, 'wall', [0, 0], 0, [-1, -1])
(5, 15, 'wall', [0, 0], 1350, [0, 1])
(5, 16, 'wall', [1, 1], 0, [-1, -1])
(5, 17, 'floor', [2, 4], 90, [-1, -1])
(5, 18, 'floor', [0, 4], 1350, [4, 6])
(5, 19, 'floor', [0, 4], 1350, [5, 6])
(5, 20, 'floor', [0, 4], 1350, [5, 6])
(5, 21, 'floor', [0, 4], 1350, [5, 6])
(5, 22, 'floor', [0, 4], 1350, [6, 6])
(5, 23, 'floor', [0, 4], 0, [-1, -1])
(5, 24, 'floor', [0, 4], 0, [-1, -1])
(5, 25, 'floor', [0, 4], 0, [-1, -1])
(5, 26, 'floor', [0, 4], 0, [-1, -1])
(5, 27, 'floor', [0, 4], 0, [-1, -1])
(5, 28, 'wall', [3, 1], 0, [-1, -1])
(5, 29, 'wall', [0, 0], 0, [-1, -1])
(5, 30, 'wall', [0, 0], 0, [-1, -1])
(5, 31, 'wall', [0, 0], 0, [-1, -1])
(5, 32, 'wall', [0, 0], 0, [-1, -1])
(5, 33, 'wall', [1, 1], 0, [-1, -1])
(5, 34, 'floor', [4, 4], 90, [-1, -1])
(5, 35, 'floor', [2, 4], 0, [-1, -1])
(5, 36, 'floor', [2, 4], 0, [-1, -1])
(5, 37, 'floor', [2, 4], 0, [-1, -1])
(5, 38, 'floor', [2, 4], 0, [-1, -1])
(5, 39, 'floor', [2, 4], 0, [-1, -1])
(5, 40, 'floor', [2, 4], 0, [-1, -1])
(5, 41, 'floor', [2, 4], 0, [-1, -1])
(5, 42, 'floor', [1, 4], 0, [-1, -1])
(5, 43, 'floor', [0, 4], 0, [-1, -1])
(5, 44, 'floor', [0, 4], 0, [-1, -1])
(5, 45, 'floor', [0, 4], 1710, [-1, -1])
(5, 46, 'floor', [0, 4], 1710, [6, 3])
(5, 47, 'floor', [0, 4], 0, [-1, -1])
(5, 48, 'floor', [0, 4], 0, [-1, -1])
(5, 49, 'floor', [0, 4], 0, [-1, -1])
(5, 50, 'wall', [3, 1], 0, [-1, -1])
(5, 51, 'wall', [0, 0], 0, [-1, -1])
(6, 0, 'wall', [0, 0], 1350, [0, 1])
(6, 1, 'wall', [0, 0], 1350, [-1, -1])
(6, 2, 'wall', [1, 1], 0, [-1, -1])
(6, 3, 'floor', [2, 4], 90, [-1, -1])
(6, 4, 'floor', [0, 4], 0, [-1, -1])
(6, 5, 'floor', [0, 4], 0, [7, 5])
(6, 6, 'floor', [0, 4], 0, [-1, -1])
(6, 7, 'floor', [1, 4], 0, [-1, -1])
(6, 8, 'floor', [0, 4], 0, [-1, -1])
(6, 9, 'floor', [0, 4], 0, [-1, -1])
(6, 10, 'floor', [0, 4], 0, [6, 3])
(6, 11, 'floor', [0, 4], 0, [-1, -1])
(6, 12, 'floor', [0, 4], 0, [-1, -1])
(6, 13, 'wall', [3, 1], 0, [-1, -1])
(6, 14, 'wall', [0, 0], 0, [-1, -1])
(6, 15, 'wall', [0, 0], 0, [-1, -1])
(6, 16, 'wall', [1, 1], 0, [-1, -1])
(6, 17, 'floor', [2, 4], 90, [-1, -1])
(6, 18, 'floor', [0, 4], 0, [-1, -1])
(6, 19, 'floor', [0, 4], 0, [-1, -1])
(6, 20, 'floor', [0, 4], 0, [-1, -1])
(6, 21, 'floor', [0, 4], 0, [-1, -1])
(6, 22, 'floor', [0, 4], 0, [-1, -1])
(6, 23, 'floor', [1, 4], 0, [-1, -1])
(6, 24, 'floor', [0, 4], 0, [-1, -1])
(6, 25, 'floor', [0, 4], 0, [-1, -1])
(6, 26, 'floor', [0, 4], 0, [-1, -1])
(6, 27, 'floor', [0, 4], 0, [-1, -1])
(6, 28, 'wall', [3, 1], 0, [-1, -1])
(6, 29, 'wall', [0, 0], 0, [-1, -1])
(6, 30, 'wall', [0, 0], 1350, [0, 2])
(6, 31, 'wall', [0, 0], 0, [-1, -1])
(6, 32, 'wall', [0, 0], 0, [-1, -1])
(6, 33, 'wall', [1, 1], 0, [-1, -1])
(6, 34, 'floor', [2, 4], 90, [-1, -1])
(6, 35, 'floor', [0, 4], 0, [-1, -1])
(6, 36, 'floor', [0, 4], 0, [-1, -1])
(6, 37, 'floor', [0, 4], 0, [-1, -1])
(6, 38, 'floor', [0, 4], 0, [-1, -1])
(6, 39, 'floor', [0, 4], 0, [-1, -1])
(6, 40, 'floor', [0, 4], 0, [-1, -1])
(6, 41, 'floor', [0, 4], 0, [-1, -1])
(6, 42, 'floor', [0, 4], 0, [-1, -1])
(6, 43, 'floor', [0, 4], 0, [-1, -1])
(6, 44, 'floor', [0, 4], 0, [-1, -1])
(6, 45, 'floor', [0, 4], 0, [-1, -1])
(6, 46, 'floor', [0, 4], 0, [-1, -1])
(6, 47, 'floor', [1, 4], 0, [-1, -1])
(6, 48, 'floor', [0, 4], 0, [-1, -1])
(6, 49, 'floor', [0, 4], 0, [-1, -1])
(6, 50, 'wall', [3, 1], 0, [-1, -1])
(6, 51, 'wall', [0, 0], 0, [-1, -1])
(7, 0, 'wall', [0, 0], 0, [-1, -1])
(7, 1, 'wall', [0, 0], 0, [-1, -1])
(7, 2, 'wall', [1, 1], 0, [-1, -1])
(7, 3, 'floor', [2, 4], 90, [-1, -1])
(7, 4, 'floor', [0, 4], 0, [-1, -1])
(7, 5, 'floor', [0, 4], 0, [9, 6])
(7, 6, 'floor', [0, 4], 0, [-1, -1])
(7, 7, 'floor', [0, 4], 0, [-1, -1])
(7, 8, 'floor', [0, 4], 0, [-1, -1])
(7, 9, 'floor', [0, 4], 0, [-1, -1])
(7, 10, 'floor', [0, 4], 0, [-1, -1])
(7, 11, 'floor', [0, 4], 0, [-1, -1])
(7, 12, 'floor', [0, 4], 0, [-1, -1])
(7, 13, 'wall', [3, 1], 0, [-1, -1])
(7, 14, 'wall', [0, 0], 0, [-1, -1])
(7, 15, 'wall', [0, 0], 0, [-1, -1])
(7, 16, 'wall', [1, 1], 0, [-1, -1])
(7, 17, 'floor', [2, 4], 90, [6, 4])
(7, 18, 'floor', [1, 4], 0, [-1, -1])
(7, 19, 'floor', [0, 4], 0, [-1, -1])
(7, 20, 'floor', [0, 4], 0, [-1, -1])
(7, 21, 'floor', [0, 4], 0, [-1, -1])
(7, 22, 'floor', [0, 4], 0, [-1, -1])
(7, 23, 'floor', [0, 4], 0, [-1, -1])
(7, 24, 'floor', [0, 4], 0, [-1, -1])
(7, 25, 'floor', [0, 4], 0, [-1, -1])
(7, 26, 'floor', [0, 4], 0, [-1, -1])
(7, 27, 'floor', [0, 4], 0, [-1, -1])
(7, 28, 'wall', [3, 1], 0, [-1, -1])
(7, 29, 'wall', [0, 0], 0, [-1, -1])
(7, 30, 'wall', [0, 0], 0, [-1, -1])
(7, 31, 'wall', [0, 0], 0, [-1, -1])
(7, 32, 'wall', [0, 0], 0, [-1, -1])
(7, 33, 'wall', [1, 1], 0, [-1, -1])
(7, 34, 'floor', [2, 4], 90, [-1, -1])
(7, 35, 'floor', [0, 4], 0, [-1, -1])
(7, 36, 'wall', [4, 0], 0, [-1, -1])
(7, 37, 'wall', [2, 2], 0, [-1, -1])
(7, 38, 'wall', [2, 2], 0, [-1, -1])
(7, 39, 'wall', [2, 2], 0, [-1, -1])
(7, 40, 'wall', [2, 2], 0, [-1, -1])
(7, 41, 'wall', [5, 0], 0, [-1, -1])
(7, 42, 'floor', [2, 4], 90, [-1, -1])
(7, 43, 'floor', [0, 4], 0, [-1, -1])
(7, 44, 'floor', [1, 4], 0, [-1, -1])
(7, 45, 'floor', [0, 4], 0, [-1, -1])
(7, 46, 'floor', [0, 4], 0, [-1, -1])
(7, 47, 'floor', [0, 4], 0, [-1, -1])
(7, 48, 'floor', [0, 4], 0, [-1, -1])
(7, 49, 'floor', [0, 4], 0, [-1, -1])
(7, 50, 'wall', [3, 1], 0, [-1, -1])
(7, 51, 'wall', [0, 0], 0, [-1, -1])
(8, 0, 'wall', [0, 0], 0, [-1, -1])
(8, 1, 'wall', [0, 0], 1350, [-1, -1])
(8, 2, 'wall', [1, 1], 0, [-1, -1])
(8, 3, 'floor', [2, 4], 90, [-1, -1])
(8, 4, 'floor', [0, 4], 1350, [4, 10])
(8, 5, 'floor', [0, 4], 0, [8, 5])
(8, 6, 'floor', [0, 4], 0, [-1, -1])
(8, 7, 'floor', [0, 4], 0, [-1, -1])
(8, 8, 'floor', [0, 4], 0, [-1, -1])
(8, 9, 'floor', [1, 4], 0, [-1, -1])
(8, 10, 'floor', [0, 4], 0, [-1, -1])
(8, 11, 'floor', [0, 4], 0, [-1, -1])
(8, 12, 'floor', [0, 4], 0, [3, 5])
(8, 13, 'wall', [3, 1], 0, [-1, -1])
(8, 14, 'wall', [0, 0], 0, [-1, -1])
(8, 15, 'wall', [0, 0], 0, [-1, -1])
(8, 16, 'wall', [1, 1], 0, [-1, -1])
(8, 17, 'floor', [2, 4], 90, [-1, -1])
(8, 18, 'floor', [0, 4], 0, [-1, -1])
(8, 19, 'floor', [0, 4], 0, [-1, -1])
(8, 20, 'floor', [0, 4], 0, [-1, -1])
(8, 21, 'floor', [0, 4], 0, [-1, -1])
(8, 22, 'floor', [0, 4], 1350, [6, 3])
(8, 23, 'floor', [0, 4], 0, [-1, -1])
(8, 24, 'floor', [0, 4], 0, [-1, -1])
(8, 25, 'floor', [1, 4], 0, [-1, -1])
(8, 26, 'floor', [0, 4], 0, [-1, -1])
(8, 27, 'floor', [0, 4], 0, [-1, -1])
(8, 28, 'wall', [3, 1], 0, [-1, -1])
(8, 29, 'wall', [0, 0], 0, [-1, -1])
(8, 30, 'wall', [0, 0], 0, [-1, -1])
(8, 31, 'wall', [0, 0], 0, [-1, -1])
(8, 32, 'wall', [0, 0], 0, [-1, -1])
(8, 33, 'wall', [1, 1], 0, [-1, -1])
(8, 34, 'floor', [2, 4], 90, [-1, -1])
(8, 35, 'floor', [0, 4], 0, [-1, -1])
(8, 36, 'wall', [3, 1], 0, [-1, -1])
(8, 37, 'wall', [0, 0], 0, [-1, -1])
(8, 38, 'wall', [0, 0], 0, [-1, -1])
(8, 39, 'wall', [0, 0], 0, [-1, -1])
(8, 40, 'wall', [0, 0], 0, [-1, -1])
(8, 41, 'wall', [1, 1], 0, [-1, -1])
(8, 42, 'floor', [2, 4], 90, [-1, -1])
(8, 43, 'floor', [0, 4], 1710, [6, 3])
(8, 44, 'floor', [0, 4], 0, [-1, -1])
(8, 45, 'floor', [0, 4], 0, [-1, -1])
(8, 46, 'floor', [0, 4], 0, [-1, -1])
(8, 47, 'floor', [0, 4], 0, [-1, -1])
(8, 48, 'floor', [0, 4], 0, [-1, -1])
(8, 49, 'floor', [0, 4], 0, [-1, -1])
(8, 50, 'wall', [3, 1], 0, [-1, -1])
(8, 51, 'wall', [0, 0], 0, [-1, -1])
(9, 0, 'wall', [0, 0], 0, [-1, -1])
(9, 1, 'wall', [0, 0], 0, [-1, -1])
(9, 2, 'wall', [1, 1], 0, [-1, -1])
(9, 3, 'floor', [2, 4], 90, [-1, -1])
(9, 4, 'floor', [0, 4], 0, [-1, -1])
(9, 5, 'floor', [0, 4], 0, [-1, -1])
(9, 6, 'floor', [0, 4], 0, [-1, -1])
(9, 7, 'floor', [0, 4], 0, [-1, -1])
(9, 8, 'floor', [1, 4], 0, [-1, -1])
(9, 9, 'floor', [0, 4], 0, [-1, -1])
(9, 10, 'floor', [0, 4], 0, [-1, -1])
(9, 11, 'floor', [0, 4], 0, [3, 10])
(9, 12, 'floor', [0, 4], 0, [3, 6])
(9, 13, 'wall', [3, 1], 0, [-1, -1])
(9, 14, 'wall', [0, 0], 0, [-1, -1])
(9, 15, 'wall', [0, 0], 0, [-1, -1])
(9, 16, 'wall', [1, 2], 0, [-1, -1])
(9, 17, 'wall', [5, 0], 0, [-1, -1])
(9, 18, 'floor', [2, 4], 90, [-1, -1])
(9, 19, 'floor', [0, 4], 0, [-1, -1])
(9, 20, 'floor', [0, 4], 0, [-1, -1])
(9, 21, 'floor', [0, 4], 0, [-1, -1])
(9, 22, 'floor', [0, 4], 0, [-1, -1])
(9, 23, 'floor', [0, 4], 0, [-1, -1])
(9, 24, 'floor', [0, 4], 0, [-1, -1])
(9, 25, 'floor', [0, 4], 0, [-1, -1])
(9, 26, 'floor', [0, 4], 0, [-1, -1])
(9, 27, 'wall', [4, 0], 0, [-1, -1])
(9, 28, 'wall', [3, 2], 0, [-1, -1])
(9, 29, 'wall', [0, 0], 0, [-1, -1])
(9, 30, 'wall', [0, 0], 0, [-1, -1])
(9, 31, 'wall', [0, 0], 0, [-1, -1])
(9, 32, 'wall', [0, 0], 1350, [0, 2])
(9, 33, 'wall', [1, 1], 0, [-1, -1])
(9, 34, 'floor', [2, 4], 90, [-1, -1])
(9, 35, 'floor', [0, 4], 0, [-1, -1])
(9, 36, 'wall', [3, 1], 0, [-1, -1])
(9, 37, 'wall', [0, 0], 0, [-1, -1])
(9, 38, 'wall', [0, 0], 1710, [0, 2])
(9, 39, 'wall', [0, 0], 0, [-1, -1])
(9, 40, 'wall', [0, 0], 0, [-1, -1])
(9, 41, 'wall', [1, 1], 0, [-1, -1])
(9, 42, 'floor', [2, 4], 90, [-1, -1])
(9, 43, 'floor', [0, 4], 0, [-1, -1])
(9, 44, 'floor', [0, 4], 0, [-1, -1])
(9, 45, 'floor', [0, 4], 0, [-1, -1])
(9, 46, 'floor', [1, 4], 0, [-1, -1])
(9, 47, 'floor', [0, 4], 0, [-1, -1])
(9, 48, 'floor', [0, 4], 1710, [10, 6])
(9, 49, 'floor', [0, 4], 1710, [10, 6])
(9, 50, 'wall', [3, 1], 0, [-1, -1])
(9, 51, 'wall', [0, 0], 0, [-1, -1])
(10, 0, 'wall', [0, 0], 0, [-1, -1])
(10, 1, 'wall', [0, 0], 0, [-1, -1])
(10, 2, 'wall', [1, 2], 0, [-1, -1])
(10, 3, 'wall', [2, 2], 0, [-1, -1])
(10, 4, 'wall', [2, 2], 0, [-1, -1])
(10, 5, 'wall', [5, 0], 0, [-1, -1])
(10, 6, 'floor', [2, 4], 90, [-1, -1])
(10, 7, 'floor', [0, 4], 0, [-1, -1])
(10, 8, 'floor', [0, 4], 0, [-1, -1])
(10, 9, 'floor', [0, 4], 0, [-1, -1])
(10, 10, 'wall', [4, 0], 0, [-1, -1])
(10, 11, 'wall', [2, 2], 0, [-1, -1])
(10, 12, 'wall', [2, 2], 0, [-1, -1])
(10, 13, 'wall', [3, 2], 0, [-1, -1])
(10, 14, 'wall', [0, 0], 0, [-1, -1])
(10, 15, 'wall', [0, 0], 0, [-1, -1])
(10, 16, 'wall', [0, 0], 0, [-1, -1])
(10, 17, 'wall', [1, 2], 0, [-1, -1])
(10, 18, 'wall', [5, 0], 0, [-1, -1])
(10, 19, 'floor', [2, 4], 90, [-1, -1])
(10, 20, 'floor', [0, 4], 0, [-1, -1])
(10, 21, 'floor', [0, 4], 0, [-1, -1])
(10, 22, 'floor', [0, 4], 0, [-1, -1])
(10, 23, 'floor', [0, 4], 0, [-1, -1])
(10, 24, 'floor', [0, 4], 0, [-1, -1])
(10, 25, 'floor', [0, 4], 1710, [7, 9])
(10, 26, 'wall', [4, 0], 0, [-1, -1])
(10, 27, 'wall', [3, 2], 0, [-1, -1])
(10, 28, 'wall', [0, 0], 0, [-1, -1])
(10, 29, 'wall', [0, 0], 0, [-1, -1])
(10, 30, 'wall', [0, 0], 0, [-1, -1])
(10, 31, 'wall', [0, 0], 0, [-1, -1])
(10, 32, 'wall', [0, 0], 0, [-1, -1])
(10, 33, 'wall', [1, 1], 0, [-1, -1])
(10, 34, 'floor', [2, 4], 90, [-1, -1])
(10, 35, 'floor', [0, 4], 0, [-1, -1])
(10, 36, 'wall', [3, 1], 0, [-1, -1])
(10, 37, 'wall', [0, 0], 0, [-1, -1])
(10, 38, 'wall', [0, 0], 0, [-1, -1])
(10, 39, 'wall', [0, 0], 0, [-1, -1])
(10, 40, 'wall', [0, 0], 0, [-1, -1])
(10, 41, 'wall', [1, 2], 0, [-1, -1])
(10, 42, 'wall', [2, 2], 0, [-1, -1])
(10, 43, 'wall', [2, 2], 0, [-1, -1])
(10, 44, 'wall', [5, 0], 0, [-1, -1])
(10, 45, 'floor', [2, 4], 90, [-1, -1])
(10, 46, 'floor', [0, 4], 0, [-1, -1])
(10, 47, 'floor', [0, 4], 0, [-1, -1])
(10, 48, 'wall', [4, 0], 0, [-1, -1])
(10, 49, 'wall', [2, 2], 0, [-1, -1])
(10, 50, 'wall', [3, 2], 0, [-1, -1])
(10, 51, 'wall', [0, 0], 0, [-1, -1])
(11, 0, 'wall', [0, 0], 0, [-1, -1])
(11, 1, 'wall', [0, 0], 0, [-1, -1])
(11, 2, 'wall', [0, 0], 0, [-1, -1])
(11, 3, 'wall', [0, 0], 0, [-1, -1])
(11, 4, 'wall', [0, 0], 0, [-1, -1])
(11, 5, 'wall', [1, 1], 0, [-1, -1])
(11, 6, 'floor', [2, 4], 90, [-1, -1])
(11, 7, 'floor', [0, 4], 0, [-1, -1])
(11, 8, 'floor', [0, 4], 0, [-1, -1])
(11, 9, 'floor', [0, 4], 0, [-1, -1])
(11, 10, 'wall', [3, 1], 0, [-1, -1])
(11, 11, 'wall', [0, 0], 0, [-1, -1])
(11, 12, 'wall', [0, 0], 1350, [0, 1])
(11, 13, 'wall', [0, 0], 1350, [-1, -1])
(11, 14, 'wall', [0, 0], 0, [-1, -1])
(11, 15, 'wall', [0, 0], 0, [-1, -1])
(11, 16, 'wall', [0, 0], 0, [-1, -1])
(11, 17, 'wall', [0, 0], 0, [-1, -1])
(11, 18, 'wall', [1, 2], 0, [-1, -1])
(11, 19, 'wall', [2, 2], 0, [-1, -1])
(11, 20, 'wall', [5, 0], 0, [-1, -1])
(11, 21, 'floor', [2, 4], 90, [-1, -1])
(11, 22, 'floor', [1, 4], 0, [-1, -1])
(11, 23, 'floor', [0, 4], 0, [-1, -1])
(11, 24, 'wall', [4, 0], 0, [-1, -1])
(11, 25, 'wall', [2, 2], 0, [-1, -1])
(11, 26, 'wall', [3, 2], 0, [-1, -1])
(11, 27, 'wall', [0, 0], 0, [-1, -1])
(11, 28, 'wall', [0, 0], 0, [-1, -1])
(11, 29, 'wall', [0, 0], 0, [-1, -1])
(11, 30, 'wall', [0, 0], 0, [-1, -1])
(11, 31, 'wall', [0, 0], 0, [-1, -1])
(11, 32, 'wall', [0, 0], 0, [-1, -1])
(11, 33, 'wall', [1, 1], 0, [-1, -1])
(11, 34, 'floor', [2, 4], 90, [-1, -1])
(11, 35, 'floor', [0, 4], 0, [-1, -1])
(11, 36, 'wall', [3, 1], 0, [-1, -1])
(11, 37, 'wall', [0, 0], 0, [-1, -1])
(11, 38, 'wall', [0, 0], 0, [-1, -1])
(11, 39, 'wall', [0, 0], 1710, [0, 1])
(11, 40, 'wall', [0, 0], 0, [-1, -1])
(11, 41, 'wall', [0, 0], 0, [-1, -1])
(11, 42, 'wall', [0, 0], 0, [-1, -1])
(11, 43, 'wall', [0, 0], 0, [-1, -1])
(11, 44, 'wall', [1, 1], 0, [-1, -1])
(11, 45, 'floor', [2, 4], 90, [-1, -1])
(11, 46, 'floor', [0, 4], 0, [-1, -1])
(11, 47, 'floor', [0, 4], 0, [-1, -1])
(11, 48, 'wall', [3, 1], 0, [-1, -1])
(11, 49, 'wall', [0, 0], 0, [-1, -1])
(11, 50, 'wall', [0, 0], 1710, [0, 1])
(11, 51, 'wall', [0, 0], 0, [-1, -1])
(12, 0, 'wall', [0, 0], 0, [-1, -1])
(12, 1, 'wall', [0, 0], 1710, [0, 2])
(12, 2, 'wall', [1, 0], 0, [-1, -1])
(12, 3, 'wall', [2, 0], 0, [-1, -1])
(12, 4, 'wall', [2, 0], 1350, [6, 0])
(12, 5, 'wall', [5, 1], 0, [-1, -1])
(12, 6, 'floor', [2, 4], 90, [-1, -1])
(12, 7, 'floor', [0, 4], 0, [-1, -1])
(12, 8, 'floor', [0, 4], 0, [-1, -1])
(12, 9, 'floor', [0, 4], 0, [-1, -1])
(12, 10, 'wall', [4, 1], 0, [-1, -1])
(12, 11, 'wall', [2, 0], 1350, [6, 0])
(12, 12, 'wall', [2, 0], 0, [-1, -1])
(12, 13, 'wall', [2, 0], 0, [-1, -1])
(12, 14, 'wall', [2, 0], 0, [-1, -1])
(12, 15, 'wall', [2, 0], 0, [-1, -1])
(12, 16, 'wall', [3, 0], 0, [-1, -1])
(12, 17, 'wall', [0, 0], 0, [-1, -1])
(12, 18, 'wall', [0, 0], 0, [-1, -1])
(12, 19, 'wall', [0, 0], 0, [-1, -1])
(12, 20, 'wall', [1, 1], 0, [-1, -1])
(12, 21, 'floor', [2, 4], 90, [-1, -1])
(12, 22, 'floor', [0, 4], 0, [-1, -1])
(12, 23, 'floor', [0, 4], 0, [-1, -1])
(12, 24, 'wall', [3, 1], 0, [-1, -1])
(12, 25, 'wall', [0, 0], 0, [-1, -1])
(12, 26, 'wall', [0, 0], 0, [-1, -1])
(12, 27, 'wall', [0, 0], 1350, [0, 1])
(12, 28, 'wall', [0, 0], 0, [-1, -1])
(12, 29, 'wall', [0, 0], 0, [-1, -1])
(12, 30, 'wall', [0, 0], 0, [-1, -1])
(12, 31, 'wall', [1, 0], 0, [-1, -1])
(12, 32, 'wall', [2, 0], 0, [-1, -1])
(12, 33, 'wall', [5, 1], 0, [-1, -1])
(12, 34, 'floor', [2, 4], 90, [-1, -1])
(12, 35, 'floor', [0, 4], 0, [-1, -1])
(12, 36, 'wall', [4, 1], 0, [-1, -1])
(12, 37, 'wall', [2, 0], 0, [-1, -1])
(12, 38, 'wall', [3, 0], 0, [-1, -1])
(12, 39, 'wall', [0, 0], 0, [-1, -1])
(12, 40, 'wall', [0, 0], 0, [-1, -1])
(12, 41, 'wall', [0, 0], 0, [-1, -1])
(12, 42, 'wall', [0, 0], 0, [-1, -1])
(12, 43, 'wall', [0, 0], 0, [-1, -1])
(12, 44, 'wall', [1, 1], 0, [-1, -1])
(12, 45, 'floor', [2, 4], 90, [-1, -1])
(12, 46, 'floor', [0, 4], 0, [-1, -1])
(12, 47, 'floor', [0, 4], 0, [-1, -1])
(12, 48, 'wall', [3, 1], 0, [-1, -1])
(12, 49, 'wall', [0, 0], 0, [-1, -1])
(12, 50, 'wall', [0, 0], 0, [-1, -1])
(12, 51, 'wall', [0, 0], 0, [-1, -1])
(13, 0, 'wall', [0, 0], 0, [-1, -1])
(13, 1, 'wall', [0, 0], 0, [-1, -1])
(13, 2, 'wall', [1, 1], 0, [-1, -1])
(13, 3, 'wall', [4, 3], 0, [-1, -1])
(13, 4, 'wall', [4, 3], 1350, [6, 1])
(13, 5, 'wall', [11, 4], 0, [-1, -1])
(13, 6, 'floor', [2, 4], 90, [-1, -1])
(13, 7, 'floor', [0, 4], 0, [-1, -1])
(13, 8, 'floor', [0, 4], 0, [-1, -1])
(13, 9, 'floor', [0, 4], 0, [-1, -1])
(13, 10, 'wall', [9, 4], 0, [-1, -1])
(13, 11, 'wall', [4, 3], 1350, [6, 1])
(13, 12, 'wall', [4, 3], 0, [-1, -1])
(13, 13, 'wall', [4, 3], 0, [-1, -1])
(13, 14, 'wall', [4, 3], 1710, [8, 1])
(13, 15, 'wall', [4, 3], 0, [-1, -1])
(13, 16, 'wall', [3, 1], 0, [-1, -1])
(13, 17, 'wall', [0, 0], 0, [-1, -1])
(13, 18, 'wall', [0, 0], 0, [-1, -1])
(13, 19, 'wall', [0, 0], 1710, [0, 2])
(13, 20, 'wall', [1, 1], 0, [-1, -1])
(13, 21, 'floor', [2, 4], 90, [-1, -1])
(13, 22, 'floor', [0, 4], 0, [-1, -1])
(13, 23, 'floor', [0, 4], 1350, [6, 3])
(13, 24, 'wall', [3, 1], 0, [-1, -1])
(13, 25, 'wall', [0, 0], 0, [-1, -1])
(13, 26, 'wall', [0, 0], 0, [-1, -1])
(13, 27, 'wall', [0, 0], 0, [-1, -1])
(13, 28, 'wall', [0, 0], 0, [-1, -1])
(13, 29, 'wall', [0, 0], 1350, [0, 2])
(13, 30, 'wall', [0, 0], 0, [-1, -1])
(13, 31, 'wall', [1, 1], 0, [-1, -1])
(13, 32, 'wall', [4, 3], 0, [-1, -1])
(13, 33, 'wall', [11, 4], 0, [-1, -1])
(13, 34, 'floor', [2, 4], 90, [-1, -1])
(13, 35, 'floor', [0, 4], 0, [-1, -1])
(13, 36, 'wall', [9, 4], 1710, [3, 5])
(13, 37, 'wall', [4, 3], 0, [-1, -1])
(13, 38, 'wall', [3, 1], 0, [-1, -1])
(13, 39, 'wall', [0, 0], 0, [-1, -1])
(13, 40, 'wall', [0, 0], 0, [-1, -1])
(13, 41, 'wall', [0, 0], 0, [-1, -1])
(13, 42, 'wall', [0, 0], 1710, [0, 2])
(13, 43, 'wall', [0, 0], 0, [-1, -1])
(13, 44, 'wall', [1, 1], 0, [-1, -1])
(13, 45, 'floor', [2, 4], 90, [-1, -1])
(13, 46, 'floor', [0, 4], 0, [-1, -1])
(13, 47, 'floor', [0, 4], 1710, [6, 3])
(13, 48, 'wall', [3, 1], 0, [-1, -1])
(13, 49, 'wall', [0, 0], 0, [-1, -1])
(13, 50, 'wall', [0, 0], 0, [-1, -1])
(13, 51, 'wall', [0, 0], 0, [-1, -1])
(14, 0, 'wall', [0, 0], 0, [-1, -1])
(14, 1, 'wall', [1, 0], 0, [-1, -1])
(14, 2, 'wall', [5, 1], 0, [-1, -1])
(14, 3, 'floor', [4, 4], 90, [5, 7])
(14, 4, 'floor', [2, 4], 1350, [6, 2])
(14, 5, 'floor', [2, 4], 0, [-1, -1])
(14, 6, 'floor', [1, 4], 0, [-1, -1])
(14, 7, 'floor', [0, 4], 0, [-1, -1])
(14, 8, 'floor', [0, 4], 0, [-1, -1])
(14, 9, 'floor', [0, 4], 0, [-1, -1])
(14, 10, 'floor', [2, 4], 0, [-1, -1])
(14, 11, 'floor', [2, 4], 1350, [6, 2])
(14, 12, 'floor', [2, 4], 0, [-1, -1])
(14, 13, 'floor', [2, 4], 0, [-1, -1])
(14, 14, 'floor', [2, 4], 1710, [8, 2])
(14, 15, 'floor', [2, 4], 0, [-1, -1])
(14, 16, 'wall', [4, 1], 0, [-1, -1])
(14, 17, 'wall', [2, 0], 0, [-1, -1])
(14, 18, 'wall', [2, 0], 0, [-1, -1])
(14, 19, 'wall', [2, 0], 0, [-1, -1])
(14, 20, 'wall', [5, 1], 0, [-1, -1])
(14, 21, 'floor', [2, 4], 90, [-1, -1])
(14, 22, 'floor', [0, 4], 0, [-1, -1])
(14, 23, 'floor', [0, 4], 0, [-1, -1])
(14, 24, 'wall', [4, 1], 0, [-1, -1])
(14, 25, 'wall', [2, 0], 0, [-1, -1])
(14, 26, 'wall', [2, 0], 0, [-1, -1])
(14, 27, 'wall', [2, 0], 0, [-1, -1])
(14, 28, 'wall', [3, 0], 0, [-1, -1])
(14, 29, 'wall', [0, 0], 0, [-1, -1])
(14, 30, 'wall', [0, 0], 0, [-1, -1])
(14, 31, 'wall', [1, 1], 0, [-1, -1])
(14, 32, 'floor', [4, 4], 90, [5, 7])
(14, 33, 'floor', [2, 4], 0, [-1, -1])
(14, 34, 'floor', [0, 4], 0, [-1, -1])
(14, 35, 'floor', [0, 4], 0, [-1, -1])
(14, 36, 'floor', [2, 4], 1710, [3, 6])
(14, 37, 'floor', [2, 4], 0, [7, 9])
(14, 38, 'wall', [4, 1], 0, [-1, -1])
(14, 39, 'wall', [2, 0], 0, [-1, -1])
(14, 40, 'wall', [2, 0], 0, [-1, -1])
(14, 41, 'wall', [2, 0], 0, [-1, -1])
(14, 42, 'wall', [2, 0], 0, [-1, -1])
(14, 43, 'wall', [2, 0], 0, [-1, -1])
(14, 44, 'wall', [5, 1], 0, [-1, -1])
(14, 45, 'floor', [2, 4], 90, [-1, -1])
(14, 46, 'floor', [0, 4], 0, [-1, -1])
(14, 47, 'floor', [0, 4], 0, [-1, -1])
(14, 48, 'wall', [3, 1], 0, [-1, -1])
(14, 49, 'wall', [0, 0], 0, [-1, -1])
(14, 50, 'wall', [0, 0], 0, [-1, -1])
(14, 51, 'wall', [0, 0], 0, [-1, -1])
(15, 0, 'wall', [0, 0], 0, [-1, -1])
(15, 1, 'wall', [1, 1], 0, [-1, -1])
(15, 2, 'wall', [11, 4], 0, [-1, -1])
(15, 3, 'floor', [2, 4], 90, [-1, -1])
(15, 4, 'floor', [0, 4], 0, [-1, -1])
(15, 5, 'floor', [0, 4], 0, [-1, -1])
(15, 6, 'floor', [1, 4], 0, [-1, -1])
(15, 7, 'floor', [0, 4], 0, [-1, -1])
(15, 8, 'floor', [0, 4], 0, [-1, -1])
(15, 9, 'floor', [0, 4], 0, [-1, -1])
(15, 10, 'floor', [0, 4], 0, [-1, -1])
(15, 11, 'floor', [0, 4], 0, [-1, -1])
(15, 12, 'floor', [0, 4], 0, [-1, -1])
(15, 13, 'floor', [0, 4], 0, [-1, -1])
(15, 14, 'floor', [0, 4], 0, [-1, -1])
(15, 15, 'floor', [0, 4], 0, [-1, -1])
(15, 16, 'wall', [9, 4], 0, [-1, -1])
(15, 17, 'wall', [4, 3], 0, [-1, -1])
(15, 18, 'wall', [4, 3], 0, [-1, -1])
(15, 19, 'wall', [4, 3], 0, [-1, -1])
(15, 20, 'wall', [11, 4], 0, [-1, -1])
(15, 21, 'floor', [2, 4], 90, [-1, -1])
(15, 22, 'floor', [0, 4], 0, [-1, -1])
(15, 23, 'floor', [0, 4], 0, [-1, -1])
(15, 24, 'wall', [9, 4], 0, [-1, -1])
(15, 25, 'wall', [4, 3], 0, [-1, -1])
(15, 26, 'wall', [4, 3], 0, [-1, -1])
(15, 27, 'wall', [4, 3], 0, [-1, -1])
(15, 28, 'wall', [2, 0], 1350, [4, 1])
(15, 29, 'wall', [2, 0], 0, [-1, -1])
(15, 30, 'wall', [2, 0], 0, [-1, -1])
(15, 31, 'wall', [5, 1], 1350, [5, 1])
(15, 32, 'floor', [2, 4], 90, [-1, -1])
(15, 33, 'floor', [1, 4], 0, [-1, -1])
(15, 34, 'floor', [0, 4], 0, [-1, -1])
(15, 35, 'floor', [0, 4], 0, [-1, -1])
(15, 36, 'floor', [0, 4], 0, [-1, -1])
(15, 37, 'floor', [0, 4], 90, [-1, -1])
(15, 38, 'wall', [9, 4], 0, [-1, -1])
(15, 39, 'wall', [4, 3], 0, [-1, -1])
(15, 40, 'wall', [4, 3], 0, [-1, -1])
(15, 41, 'wall', [4, 3], 0, [-1, -1])
(15, 42, 'wall', [4, 3], 0, [-1, -1])
(15, 43, 'wall', [4, 3], 0, [-1, -1])
(15, 44, 'wall', [11, 4], 0, [-1, -1])
(15, 45, 'floor', [2, 4], 90, [-1, -1])
(15, 46, 'floor', [0, 4], 0, [-1, -1])
(15, 47, 'floor', [0, 4], 0, [-1, -1])
(15, 48, 'wall', [3, 1], 0, [-1, -1])
(15, 49, 'wall', [0, 0], 0, [-1, -1])
(15, 50, 'wall', [0, 0], 0, [-1, -1])
(15, 51, 'wall', [0, 0], 0, [-1, -1])
(16, 0, 'wall', [0, 0], 0, [-1, -1])
(16, 1, 'wall', [1, 1], 0, [-1, -1])
(16, 2, 'floor', [4, 4], 90, [-1, -1])
(16, 3, 'floor', [0, 4], 0, [-1, -1])
(16, 4, 'floor', [0, 4], 0, [-1, -1])
(16, 5, 'floor', [0, 4], 1350, [4, 5])
(16, 6, 'floor', [0, 4], 0, [-1, -1])
(16, 7, 'floor', [0, 4], 0, [-1, -1])
(16, 8, 'floor', [1, 4], 0, [-1, -1])
(16, 9, 'floor', [0, 4], 0, [-1, -1])
(16, 10, 'floor', [0, 4], 1350, [6, 3])
(16, 11, 'floor', [0, 4], 0, [-1, -1])
(16, 12, 'floor', [0, 4], 0, [-1, -1])
(16, 13, 'floor', [0, 4], 0, [-1, -1])
(16, 14, 'floor', [0, 4], 0, [-1, -1])
(16, 15, 'floor', [0, 4], 0, [-1, -1])
(16, 16, 'floor', [2, 4], 0, [-1, -1])
(16, 17, 'floor', [2, 4], 0, [-1, -1])
(16, 18, 'floor', [2, 4], 0, [-1, -1])
(16, 19, 'floor', [2, 4], 0, [-1, -1])
(16, 20, 'floor', [2, 4], 0, [-1, -1])
(16, 21, 'floor', [0, 4], 90, [-1, -1])
(16, 22, 'floor', [0, 4], 0, [-1, -1])
(16, 23, 'floor', [1, 4], 0, [-1, -1])
(16, 24, 'floor', [2, 4], 0, [-1, -1])
(16, 25, 'floor', [2, 4], 0, [-1, -1])
(16, 26, 'floor', [2, 4], 0, [-1, -1])
(16, 27, 'floor', [2, 4], 0, [3, 5])
(16, 28, 'wall', [9, 4], 0, [-1, -1])
(16, 29, 'wall', [4, 3], 0, [-1, -1])
(16, 30, 'wall', [4, 3], 0, [-1, -1])
(16, 31, 'wall', [11, 4], 0, [-1, -1])
(16, 32, 'floor', [2, 4], 90, [-1, -1])
(16, 33, 'floor', [0, 4], 0, [-1, -1])
(16, 34, 'floor', [0, 4], 0, [-1, -1])
(16, 35, 'floor', [0, 4], 0, [-1, -1])
(16, 36, 'floor', [0, 4], 0, [-1, -1])
(16, 37, 'floor', [0, 4], 0, [-1, -1])
(16, 38, 'floor', [2, 4], 0, [-1, -1])
(16, 39, 'floor', [2, 4], 0, [-1, -1])
(16, 40, 'floor', [2, 4], 0, [-1, -1])
(16, 41, 'floor', [2, 4], 0, [-1, -1])
(16, 42, 'floor', [2, 4], 0, [-1, -1])
(16, 43, 'floor', [2, 4], 0, [-1, -1])
(16, 44, 'floor', [2, 4], 0, [-1, -1])
(16, 45, 'floor', [0, 4], 0, [-1, -1])
(16, 46, 'floor', [0, 4], 0, [-1, -1])
(16, 47, 'floor', [0, 4], 0, [-1, -1])
(16, 48, 'wall', [3, 1], 0, [-1, -1])
(16, 49, 'wall', [0, 0], 0, [-1, -1])
(16, 50, 'wall', [0, 0], 0, [-1, -1])
(16, 51, 'wall', [0, 0], 0, [-1, -1])
(17, 0, 'wall', [0, 0], 0, [-1, -1])
(17, 1, 'wall', [1, 1], 0, [-1, -1])
(17, 2, 'floor', [2, 4], 90, [-1, -1])
(17, 3, 'floor', [0, 4], 0, [-1, -1])
(17, 4, 'floor', [0, 4], 0, [-1, -1])
(17, 5, 'floor', [1, 4], 0, [-1, -1])
(17, 6, 'floor', [0, 4], 0, [-1, -1])
(17, 7, 'floor', [0, 4], 0, [-1, -1])
(17, 8, 'floor', [0, 4], 0, [-1, -1])
(17, 9, 'floor', [0, 4], 0, [-1, -1])
(17, 10, 'floor', [0, 4], 0, [-1, -1])
(17, 11, 'floor', [0, 4], 0, [-1, -1])
(17, 12, 'floor', [0, 4], 0, [-1, -1])
(17, 13, 'floor', [0, 4], 0, [-1, -1])
(17, 14, 'floor', [0, 4], 0, [-1, -1])
(17, 15, 'floor', [1, 4], 0, [-1, -1])
(17, 16, 'floor', [0, 4], 0, [-1, -1])
(17, 17, 'floor', [0, 4], 0, [-1, -1])
(17, 18, 'floor', [0, 4], 0, [-1, -1])
(17, 19, 'floor', [0, 4], 0, [-1, -1])
(17, 20, 'floor', [0, 4], 0, [-1, -1])
(17, 21, 'floor', [0, 4], 0, [-1, -1])
(17, 22, 'floor', [0, 4], 0, [-1, -1])
(17, 23, 'floor', [0, 4], 0, [-1, -1])
(17, 24, 'floor', [0, 4], 0, [-1, -1])
(17, 25, 'floor', [1, 4], 0, [-1, -1])
(17, 26, 'floor', [0, 4], 0, [-1, -1])
(17, 27, 'floor', [0, 4], 0, [-1, -1])
(17, 28, 'floor', [2, 4], 0, [-1, -1])
(17, 29, 'floor', [2, 4], 0, [-1, -1])
(17, 30, 'floor', [2, 4], 0, [-1, -1])
(17, 31, 'floor', [2, 4], 0, [-1, -1])
(17, 32, 'floor', [0, 4], 0, [-1, -1])
(17, 33, 'floor', [0, 4], 0, [-1, -1])
(17, 34, 'floor', [0, 4], 0, [-1, -1])
(17, 35, 'floor', [0, 4], 0, [-1, -1])
(17, 36, 'floor', [0, 4], 1710, [6, 3])
(17, 37, 'floor', [0, 4], 0, [-1, -1])
(17, 38, 'floor', [0, 4], 0, [-1, -1])
(17, 39, 'floor', [0, 4], 0, [-1, -1])
(17, 40, 'floor', [0, 4], 0, [-1, -1])
(17, 41, 'floor', [0, 4], 0, [-1, -1])
(17, 42, 'floor', [0, 4], 0, [-1, -1])
(17, 43, 'floor', [0, 4], 0, [-1, -1])
(17, 44, 'floor', [0, 4], 0, [-1, -1])
(17, 45, 'floor', [0, 4], 0, [-1, -1])
(17, 46, 'floor', [1, 4], 1710, [6, 3])
(17, 47, 'floor', [0, 4], 1710, [-1, -1])
(17, 48, 'wall', [3, 1], 0, [-1, -1])
(17, 49, 'wall', [0, 0], 0, [-1, -1])
(17, 50, 'wall', [0, 0], 0, [-1, -1])
(17, 51, 'wall', [0, 0], 0, [-1, -1])
(18, 0, 'wall', [0, 0], 0, [-1, -1])
(18, 1, 'wall', [1, 1], 0, [-1, -1])
(18, 2, 'floor', [2, 4], 90, [-1, -1])
(18, 3, 'floor', [0, 4], 1350, [6, 3])
(18, 4, 'floor', [0, 4], 0, [-1, -1])
(18, 5, 'floor', [0, 4], 0, [-1, -1])
(18, 6, 'floor', [0, 4], 0, [-1, -1])
(18, 7, 'floor', [0, 4], 0, [-1, -1])
(18, 8, 'floor', [0, 4], 0, [-1, -1])
(18, 9, 'floor', [0, 4], 0, [-1, -1])
(18, 10, 'floor', [0, 4], 0, [-1, -1])
(18, 11, 'floor', [0, 4], 0, [-1, -1])
(18, 12, 'floor', [1, 4], 0, [-1, -1])
(18, 13, 'floor', [0, 4], 0, [-1, -1])
(18, 14, 'floor', [0, 4], 0, [-1, -1])
(18, 15, 'floor', [0, 4], 0, [-1, -1])
(18, 16, 'floor', [0, 4], 0, [-1, -1])
(18, 17, 'floor', [0, 4], 0, [-1, -1])
(18, 18, 'floor', [0, 4], 0, [-1, -1])
(18, 19, 'floor', [0, 4], 0, [-1, -1])
(18, 20, 'floor', [0, 4], 0, [-1, -1])
(18, 21, 'floor', [0, 4], 1350, [6, 3])
(18, 22, 'floor', [0, 4], 0, [-1, -1])
(18, 23, 'floor', [0, 4], 0, [-1, -1])
(18, 24, 'floor', [0, 4], 0, [-1, -1])
(18, 25, 'floor', [0, 4], 0, [-1, -1])
(18, 26, 'floor', [0, 4], 0, [-1, -1])
(18, 27, 'floor', [0, 4], 0, [-1, -1])
(18, 28, 'floor', [0, 4], 0, [-1, -1])
(18, 29, 'floor', [0, 4], 0, [-1, -1])
(18, 30, 'floor', [0, 4], 0, [-1, -1])
(18, 31, 'floor', [0, 4], 0, [-1, -1])
(18, 32, 'floor', [0, 4], 90, [-1, -1])
(18, 33, 'floor', [0, 4], 0, [-1, -1])
(18, 34, 'floor', [0, 4], 0, [-1, -1])
(18, 35, 'floor', [0, 4], 0, [-1, -1])
(18, 36, 'floor', [0, 4], 0, [-1, -1])
(18, 37, 'floor', [0, 4], 0, [-1, -1])
(18, 38, 'wall', [4, 0], 0, [-1, -1])
(18, 39, 'wall', [2, 2], 0, [-1, -1])
(18, 40, 'wall', [2, 2], 0, [-1, -1])
(18, 41, 'wall', [2, 2], 0, [-1, -1])
(18, 42, 'wall', [2, 2], 0, [-1, -1])
(18, 43, 'wall', [2, 2], 0, [-1, -1])
(18, 44, 'wall', [5, 0], 0, [-1, -1])
(18, 45, 'floor', [2, 4], 90, [-1, -1])
(18, 46, 'floor', [0, 4], 0, [-1, -1])
(18, 47, 'floor', [0, 4], 0, [-1, -1])
(18, 48, 'wall', [3, 1], 0, [-1, -1])
(18, 49, 'wall', [0, 0], 0, [-1, -1])
(18, 50, 'wall', [0, 0], 0, [-1, -1])
(18, 51, 'wall', [0, 0], 0, [-1, -1])
(19, 0, 'wall', [0, 0], 0, [-1, -1])
(19, 1, 'wall', [1, 1], 0, [-1, -1])
(19, 2, 'floor', [2, 4], 90, [-1, -1])
(19, 3, 'floor', [1, 4], 0, [-1, -1])
(19, 4, 'floor', [0, 4], 0, [-1, -1])
(19, 5, 'floor', [0, 4], 0, [-1, -1])
(19, 6, 'floor', [0, 4], 1350, [6, 3])
(19, 7, 'floor', [0, 4], 0, [-1, -1])
(19, 8, 'floor', [0, 4], 0, [-1, -1])
(19, 9, 'floor', [0, 4], 0, [-1, -1])
(19, 10, 'floor', [0, 4], 0, [-1, -1])
(19, 11, 'floor', [0, 4], 0, [-1, -1])
(19, 12, 'floor', [0, 4], 0, [-1, -1])
(19, 13, 'floor', [1, 4], 0, [-1, -1])
(19, 14, 'floor', [0, 4], 1350, [6, 3])
(19, 15, 'floor', [0, 4], 0, [-1, -1])
(19, 16, 'wall', [4, 0], 0, [-1, -1])
(19, 17, 'wall', [2, 2], 0, [-1, -1])
(19, 18, 'wall', [2, 2], 0, [-1, -1])
(19, 19, 'wall', [2, 2], 0, [-1, -1])
(19, 20, 'wall', [2, 2], 0, [-1, -1])
(19, 21, 'wall', [2, 2], 0, [-1, -1])
(19, 22, 'wall', [2, 2], 0, [-1, -1])
(19, 23, 'wall', [2, 2], 0, [-1, -1])
(19, 24, 'wall', [2, 2], 0, [-1, -1])
(19, 25, 'wall', [2, 2], 0, [-1, -1])
(19, 26, 'wall', [2, 2], 0, [-1, -1])
(19, 27, 'wall', [2, 2], 0, [-1, -1])
(19, 28, 'wall', [2, 2], 0, [-1, -1])
(19, 29, 'wall', [2, 2], 0, [-1, -1])
(19, 30, 'wall', [2, 2], 0, [-1, -1])
(19, 31, 'wall', [5, 0], 0, [-1, -1])
(19, 32, 'floor', [2, 4], 90, [-1, -1])
(19, 33, 'floor', [0, 4], 0, [-1, -1])
(19, 34, 'floor', [0, 4], 0, [-1, -1])
(19, 35, 'floor', [0, 4], 0, [-1, -1])
(19, 36, 'floor', [0, 4], 0, [-1, -1])
(19, 37, 'floor', [0, 4], 0, [-1, -1])
(19, 38, 'wall', [3, 1], 0, [-1, -1])
(19, 39, 'wall', [0, 0], 0, [-1, -1])
(19, 40, 'wall', [0, 0], 0, [-1, -1])
(19, 41, 'wall', [0, 0], 0, [-1, -1])
(19, 42, 'wall', [0, 0], 0, [-1, -1])
(19, 43, 'wall', [0, 0], 0, [-1, -1])
(19, 44, 'wall', [1, 1], 0, [-1, -1])
(19, 45, 'floor', [2, 4], 90, [-1, -1])
(19, 46, 'floor', [0, 4], 0, [-1, -1])
(19, 47, 'floor', [0, 4], 0, [-1, -1])
(19, 48, 'wall', [3, 1], 0, [-1, -1])
(19, 49, 'wall', [0, 0], 0, [-1, -1])
(19, 50, 'wall', [0, 0], 0, [-1, -1])
(19, 51, 'wall', [0, 0], 0, [-1, -1])
(20, 0, 'wall', [0, 0], 0, [-1, -1])
(20, 1, 'wall', [1, 1], 0, [-1, -1])
(20, 2, 'floor', [2, 4], 90, [-1, -1])
(20, 3, 'floor', [0, 4], 0, [-1, -1])
(20, 4, 'floor', [0, 4], 0, [-1, -1])
(20, 5, 'floor', [0, 4], 0, [-1, -1])
(20, 6, 'floor', [1, 4], 0, [-1, -1])
(20, 7, 'floor', [0, 4], 0, [-1, -1])
(20, 8, 'floor', [0, 4], 0, [-1, -1])
(20, 9, 'floor', [0, 4], 0, [-1, -1])
(20, 10, 'floor', [0, 4], 0, [-1, -1])
(20, 11, 'floor', [0, 4], 1350, [5, 5])
(20, 12, 'floor', [0, 4], 0, [-1, -1])
(20, 13, 'floor', [0, 4], 0, [-1, -1])
(20, 14, 'floor', [0, 4], 0, [-1, -1])
(20, 15, 'floor', [0, 4], 0, [-1, -1])
(20, 16, 'wall', [3, 1], 0, [-1, -1])
(20, 17, 'wall', [0, 0], 1710, [0, 10])
(20, 18, 'wall', [0, 0], 0, [-1, -1])
(20, 19, 'wall', [0, 0], 0, [-1, -1])
(20, 20, 'wall', [0, 0], 0, [-1, -1])
(20, 21, 'wall', [0, 0], 0, [-1, -1])
(20, 22, 'wall', [0, 0], 0, [-1, -1])
(20, 23, 'wall', [0, 0], 0, [-1, -1])
(20, 24, 'wall', [0, 0], 0, [-1, -1])
(20, 25, 'wall', [0, 0], 0, [-1, -1])
(20, 26, 'wall', [0, 0], 0, [-1, -1])
(20, 27, 'wall', [0, 0], 0, [-1, -1])
(20, 28, 'wall', [0, 0], 0, [-1, -1])
(20, 29, 'wall', [0, 0], 1710, [0, 2])
(20, 30, 'wall', [0, 0], 0, [-1, -1])
(20, 31, 'wall', [1, 1], 0, [-1, -1])
(20, 32, 'floor', [2, 4], 90, [10, 6])
(20, 33, 'floor', [0, 4], 0, [-1, -1])
(20, 34, 'floor', [0, 4], 0, [-1, -1])
(20, 35, 'floor', [1, 4], 0, [-1, -1])
(20, 36, 'floor', [0, 4], 0, [-1, -1])
(20, 37, 'floor', [0, 4], 1350, [7, 9])
(20, 38, 'wall', [3, 1], 0, [-1, -1])
(20, 39, 'wall', [0, 0], 0, [-1, -1])
(20, 40, 'wall', [0, 0], 0, [-1, -1])
(20, 41, 'wall', [0, 0], 0, [-1, -1])
(20, 42, 'wall', [0, 0], 1710, [0, 2])
(20, 43, 'wall', [0, 0], 0, [-1, -1])
(20, 44, 'wall', [1, 1], 0, [-1, -1])
(20, 45, 'floor', [2, 4], 90, [-1, -1])
(20, 46, 'floor', [0, 4], 0, [-1, -1])
(20, 47, 'floor', [0, 4], 0, [-1, -1])
(20, 48, 'wall', [3, 1], 0, [-1, -1])
(20, 49, 'wall', [0, 0], 0, [-1, -1])
(20, 50, 'wall', [0, 0], 1710, [-1, -1])
(20, 51, 'wall', [0, 0], 1710, [0, 1])
(21, 0, 'wall', [0, 0], 0, [-1, -1])
(21, 1, 'wall', [1, 1], 0, [-1, -1])
(21, 2, 'floor', [2, 4], 90, [10, 6])
(21, 3, 'floor', [0, 4], 0, [-1, -1])
(21, 4, 'floor', [0, 4], 0, [-1, -1])
(21, 5, 'floor', [0, 4], 0, [-1, -1])
(21, 6, 'floor', [0, 4], 0, [-1, -1])
(21, 7, 'floor', [0, 4], 0, [-1, -1])
(21, 8, 'floor', [0, 4], 0, [-1, -1])
(21, 9, 'floor', [0, 4], 0, [-1, -1])
(21, 10, 'floor', [0, 4], 0, [-1, -1])
(21, 11, 'floor', [0, 4], 0, [-1, -1])
(21, 12, 'floor', [0, 4], 0, [-1, -1])
(21, 13, 'floor', [0, 4], 0, [-1, -1])
(21, 14, 'floor', [0, 4], 0, [-1, -1])
(21, 15, 'wall', [4, 0], 0, [-1, -1])
(21, 16, 'wall', [3, 2], 0, [-1, -1])
(21, 17, 'wall', [0, 0], 0, [-1, -1])
(21, 18, 'wall', [0, 0], 0, [-1, -1])
(21, 19, 'wall', [1, 0], 0, [-1, -1])
(21, 20, 'wall', [2, 0], 0, [-1, -1])
(21, 21, 'wall', [2, 0], 1710, [6, 0])
(21, 22, 'wall', [2, 0], 0, [-1, -1])
(21, 23, 'wall', [2, 0], 0, [-1, -1])
(21, 24, 'wall', [2, 0], 0, [-1, -1])
(21, 25, 'wall', [2, 0], 0, [-1, -1])
(21, 26, 'wall', [2, 0], 1710, [6, 0])
(21, 27, 'wall', [2, 0], 0, [-1, -1])
(21, 28, 'wall', [3, 0], 0, [-1, -1])
(21, 29, 'wall', [0, 0], 0, [-1, -1])
(21, 30, 'wall', [0, 0], 0, [-1, -1])
(21, 31, 'wall', [1, 2], 0, [-1, -1])
(21, 32, 'wall', [2, 2], 0, [-1, -1])
(21, 33, 'wall', [5, 0], 0, [-1, -1])
(21, 34, 'floor', [2, 4], 90, [-1, -1])
(21, 35, 'floor', [0, 4], 0, [-1, -1])
(21, 36, 'wall', [4, 0], 0, [-1, -1])
(21, 37, 'wall', [2, 2], 0, [-1, -1])
(21, 38, 'wall', [3, 2], 0, [-1, -1])
(21, 39, 'wall', [0, 0], 0, [-1, -1])
(21, 40, 'wall', [0, 0], 0, [-1, -1])
(21, 41, 'wall', [0, 0], 0, [-1, -1])
(21, 42, 'wall', [0, 0], 0, [-1, -1])
(21, 43, 'wall', [0, 0], 0, [-1, -1])
(21, 44, 'wall', [1, 1], 0, [-1, -1])
(21, 45, 'floor', [2, 4], 90, [-1, -1])
(21, 46, 'floor', [1, 4], 0, [-1, -1])
(21, 47, 'floor', [0, 4], 0, [-1, -1])
(21, 48, 'wall', [3, 1], 0, [-1, -1])
(21, 49, 'wall', [0, 0], 0, [-1, -1])
(21, 50, 'wall', [0, 0], 0, [-1, -1])
(21, 51, 'wall', [0, 0], 0, [-1, -1])
(22, 0, 'wall', [0, 0], 1710, [0, 2])
(22, 1, 'wall', [1, 2], 0, [-1, -1])
(22, 2, 'wall', [2, 2], 0, [-1, -1])
(22, 3, 'wall', [5, 0], 0, [-1, -1])
(22, 4, 'floor', [2, 4], 90, [7, 9])
(22, 5, 'floor', [0, 4], 0, [-1, -1])
(22, 6, 'floor', [0, 4], 0, [-1, -1])
(22, 7, 'floor', [0, 4], 0, [-1, -1])
(22, 8, 'floor', [0, 4], 0, [-1, -1])
(22, 9, 'floor', [0, 4], 0, [-1, -1])
(22, 10, 'floor', [0, 4], 1350, [3, 5])
(22, 11, 'floor', [0, 4], 0, [-1, -1])
(22, 12, 'wall', [4, 0], 0, [-1, -1])
(22, 13, 'wall', [2, 2], 0, [-1, -1])
(22, 14, 'wall', [2, 2], 0, [-1, -1])
(22, 15, 'wall', [3, 2], 0, [-1, -1])
(22, 16, 'wall', [0, 0], 0, [-1, -1])
(22, 17, 'wall', [0, 0], 0, [-1, -1])
(22, 18, 'wall', [0, 0], 0, [-1, -1])
(22, 19, 'wall', [1, 1], 0, [-1, -1])
(22, 20, 'wall', [4, 3], 0, [-1, -1])
(22, 21, 'wall', [4, 3], 1710, [6, 1])
(22, 22, 'wall', [4, 3], 0, [-1, -1])
(22, 23, 'wall', [4, 3], 1710, [8, 1])
(22, 24, 'wall', [4, 3], 1710, [7, 1])
(22, 25, 'wall', [4, 3], 0, [-1, -1])
(22, 26, 'wall', [4, 3], 1710, [6, 1])
(22, 27, 'wall', [4, 3], 0, [-1, -1])
(22, 28, 'wall', [3, 1], 0, [-1, -1])
(22, 29, 'wall', [0, 0], 0, [-1, -1])
(22, 30, 'wall', [0, 0], 0, [-1, -1])
(22, 31, 'wall', [0, 0], 0, [-1, -1])
(22, 32, 'wall', [0, 0], 0, [-1, -1])
(22, 33, 'wall', [1, 1], 0, [-1, -1])
(22, 34, 'floor', [2, 4], 90, [-1, -1])
(22, 35, 'floor', [0, 4], 0, [-1, -1])
(22, 36, 'wall', [3, 1], 0, [-1, -1])
(22, 37, 'wall', [0, 0], 0, [-1, -1])
(22, 38, 'wall', [0, 0], 0, [-1, -1])
(22, 39, 'wall', [0, 0], 0, [-1, -1])
(22, 40, 'wall', [0, 0], 0, [-1, -1])
(22, 41, 'wall', [0, 0], 0, [-1, -1])
(22, 42, 'wall', [0, 0], 0, [-1, -1])
(22, 43, 'wall', [0, 0], 0, [-1, -1])
(22, 44, 'wall', [1, 1], 0, [-1, -1])
(22, 45, 'floor', [2, 4], 90, [-1, -1])
(22, 46, 'floor', [0, 4], 0, [-1, -1])
(22, 47, 'floor', [0, 4], 1710, [6, 3])
(22, 48, 'wall', [3, 1], 0, [-1, -1])
(22, 49, 'wall', [0, 0], 1710, [0, 2])
(22, 50, 'wall', [0, 0], 0, [-1, -1])
(22, 51, 'wall', [0, 0], 0, [-1, -1])
(23, 0, 'wall', [0, 0], 0, [-1, -1])
(23, 1, 'wall', [0, 0], 0, [-1, -1])
(23, 2, 'wall', [0, 0], 0, [-1, -1])
(23, 3, 'wall', [1, 2], 0, [-1, -1])
(23, 4, 'wall', [5, 0], 0, [-1, -1])
(23, 5, 'floor', [2, 4], 90, [5, 7])
(23, 6, 'floor', [0, 4], 0, [-1, -1])
(23, 7, 'floor', [0, 4], 0, [-1, -1])
(23, 8, 'floor', [0, 4], 0, [-1, -1])
(23, 9, 'floor', [0, 4], 0, [-1, -1])
(23, 10, 'floor', [0, 4], 1350, [3, 6])
(23, 11, 'wall', [4, 0], 0, [-1, -1])
(23, 12, 'wall', [3, 2], 0, [-1, -1])
(23, 13, 'wall', [0, 0], 0, [-1, -1])
(23, 14, 'wall', [0, 0], 0, [-1, -1])
(23, 15, 'wall', [0, 0], 0, [-1, -1])
(23, 16, 'wall', [0, 0], 0, [-1, -1])
(23, 17, 'wall', [0, 0], 0, [-1, -1])
(23, 18, 'wall', [0, 0], 0, [-1, -1])
(23, 19, 'wall', [1, 1], 0, [-1, -1])
(23, 20, 'floor', [4, 4], 90, [5, 7])
(23, 21, 'floor', [2, 4], 1710, [6, 2])
(23, 22, 'floor', [2, 4], 0, [-1, -1])
(23, 23, 'floor', [2, 4], 1710, [8, 2])
(23, 24, 'floor', [2, 4], 1710, [7, 2])
(23, 25, 'floor', [2, 4], 0, [-1, -1])
(23, 26, 'floor', [2, 4], 1710, [6, 2])
(23, 27, 'floor', [2, 4], 0, [-1, -1])
(23, 28, 'wall', [3, 1], 0, [-1, -1])
(23, 29, 'wall', [0, 0], 0, [-1, -1])
(23, 30, 'wall', [0, 0], 1710, [0, 9])
(23, 31, 'wall', [0, 0], 0, [-1, -1])
(23, 32, 'wall', [0, 0], 0, [-1, -1])
(23, 33, 'wall', [1, 1], 0, [-1, -1])
(23, 34, 'floor', [2, 4], 90, [-1, -1])
(23, 35, 'floor', [0, 4], 0, [-1, -1])
(23, 36, 'wall', [3, 1], 0, [-1, -1])
(23, 37, 'wall', [0, 0], 0, [-1, -1])
(23, 38, 'wall', [0, 0], 0, [-1, -1])
(23, 39, 'wall', [0, 0], 0, [-1, -1])
(23, 40, 'wall', [1, 0], 0, [-1, -1])
(23, 41, 'wall', [2, 0], 0, [-1, -1])
(23, 42, 'wall', [2, 0], 0, [-1, -1])
(23, 43, 'wall', [2, 0], 0, [-1, -1])
(23, 44, 'wall', [5, 1], 0, [-1, -1])
(23, 45, 'floor', [2, 4], 90, [-1, -1])
(23, 46, 'floor', [1, 4], 0, [-1, -1])
(23, 47, 'floor', [0, 4], 0, [-1, -1])
(23, 48, 'wall', [3, 1], 0, [-1, -1])
(23, 49, 'wall', [0, 0], 0, [-1, -1])
(23, 50, 'wall', [0, 0], 0, [-1, -1])
(23, 51, 'wall', [0, 0], 0, [-1, -1])
(24, 0, 'wall', [0, 0], 0, [-1, -1])
(24, 1, 'wall', [0, 0], 0, [-1, -1])
(24, 2, 'wall', [0, 0], 0, [-1, -1])
(24, 3, 'wall', [0, 0], 0, [-1, -1])
(24, 4, 'wall', [1, 2], 0, [-1, -1])
(24, 5, 'wall', [2, 2], 0, [-1, -1])
(24, 6, 'wall', [5, 0], 0, [-1, -1])
(24, 7, 'floor', [2, 4], 90, [-1, -1])
(24, 8, 'floor', [0, 4], 0, [-1, -1])
(24, 9, 'wall', [4, 0], 0, [-1, -1])
(24, 10, 'wall', [2, 2], 0, [-1, -1])
(24, 11, 'wall', [3, 2], 0, [-1, -1])
(24, 12, 'wall', [0, 0], 0, [-1, -1])
(24, 13, 'wall', [0, 0], 1710, [0, 2])
(24, 14, 'wall', [1, 0], 0, [-1, -1])
(24, 15, 'wall', [2, 0], 0, [-1, -1])
(24, 16, 'wall', [2, 0], 0, [-1, -1])
(24, 17, 'wall', [2, 0], 0, [-1, -1])
(24, 18, 'wall', [3, 0], 0, [-1, -1])
(24, 19, 'wall', [1, 1], 0, [-1, -1])
(24, 20, 'floor', [2, 4], 90, [-1, -1])
(24, 21, 'floor', [0, 4], 0, [-1, -1])
(24, 22, 'floor', [0, 4], 0, [-1, -1])
(24, 23, 'floor', [0, 4], 0, [-1, -1])
(24, 24, 'floor', [0, 4], 0, [-1, -1])
(24, 25, 'floor', [0, 4], 0, [-1, -1])
(24, 26, 'floor', [0, 4], 0, [-1, -1])
(24, 27, 'floor', [0, 4], 0, [-1, -1])
(24, 28, 'wall', [4, 1], 0, [-1, -1])
(24, 29, 'wall', [2, 0], 0, [-1, -1])
(24, 30, 'wall', [2, 0], 0, [-1, -1])
(24, 31, 'wall', [2, 0], 0, [-1, -1])
(24, 32, 'wall', [2, 0], 0, [-1, -1])
(24, 33, 'wall', [5, 1], 0, [-1, -1])
(24, 34, 'floor', [2, 4], 90, [-1, -1])
(24, 35, 'floor', [0, 4], 1710, [6, 3])
(24, 36, 'wall', [3, 1], 0, [-1, -1])
(24, 37, 'wall', [0, 0], 0, [-1, -1])
(24, 38, 'wall', [0, 0], 1710, [0, 2])
(24, 39, 'wall', [0, 0], 0, [-1, -1])
(24, 40, 'wall', [1, 1], 0, [-1, -1])
(24, 41, 'wall', [4, 3], 0, [-1, -1])
(24, 42, 'wall', [4, 3], 0, [-1, -1])
(24, 43, 'wall', [4, 3], 0, [-1, -1])
(24, 44, 'wall', [11, 4], 0, [-1, -1])
(24, 45, 'floor', [2, 4], 90, [-1, -1])
(24, 46, 'floor', [0, 4], 0, [-1, -1])
(24, 47, 'floor', [0, 4], 0, [-1, -1])
(24, 48, 'wall', [3, 1], 0, [-1, -1])
(24, 49, 'wall', [0, 0], 0, [-1, -1])
(24, 50, 'wall', [0, 0], 0, [-1, -1])
(24, 51, 'wall', [0, 0], 0, [-1, -1])
(25, 0, 'wall', [0, 0], 0, [-1, -1])
(25, 1, 'wall', [0, 0], 0, [-1, -1])
(25, 2, 'wall', [1, 0], 0, [-1, -1])
(25, 3, 'wall', [2, 0], 0, [-1, -1])
(25, 4, 'wall', [2, 0], 0, [-1, -1])
(25, 5, 'wall', [2, 0], 0, [-1, -1])
(25, 6, 'wall', [5, 1], 0, [-1, -1])
(25, 7, 'floor', [2, 4], 90, [-1, -1])
(25, 8, 'floor', [0, 4], 0, [-1, -1])
(25, 9, 'wall', [4, 1], 0, [-1, -1])
(25, 10, 'wall', [2, 0], 0, [-1, -1])
(25, 11, 'wall', [2, 0], 0, [-1, -1])
(25, 12, 'wall', [2, 0], 0, [-1, -1])
(25, 13, 'wall', [3, 0], 0, [-1, -1])
(25, 14, 'wall', [1, 1], 0, [-1, -1])
(25, 15, 'wall', [4, 3], 0, [-1, -1])
(25, 16, 'wall', [4, 3], 0, [-1, -1])
(25, 17, 'wall', [4, 3], 0, [-1, -1])
(25, 18, 'wall', [3, 1], 0, [-1, -1])
(25, 19, 'wall', [1, 1], 0, [-1, -1])
(25, 20, 'floor', [2, 4], 90, [-1, -1])
(25, 21, 'floor', [0, 4], 0, [-1, -1])
(25, 22, 'floor', [0, 4], 0, [-1, -1])
(25, 23, 'floor', [1, 4], 0, [-1, -1])
(25, 24, 'floor', [0, 4], 0, [-1, -1])
(25, 25, 'floor', [0, 4], 0, [-1, -1])
(25, 26, 'floor', [0, 4], 0, [-1, -1])
(25, 27, 'floor', [0, 4], 0, [-1, -1])
(25, 28, 'wall', [9, 4], 0, [-1, -1])
(25, 29, 'wall', [4, 3], 0, [-1, -1])
(25, 30, 'wall', [4, 3], 0, [-1, -1])
(25, 31, 'wall', [4, 3], 0, [-1, -1])
(25, 32, 'wall', [4, 3], 0, [-1, -1])
(25, 33, 'wall', [11, 4], 0, [-1, -1])
(25, 34, 'floor', [2, 4], 90, [-1, -1])
(25, 35, 'floor', [0, 4], 0, [-1, -1])
(25, 36, 'wall', [3, 1], 0, [-1, -1])
(25, 37, 'wall', [0, 0], 0, [-1, -1])
(25, 38, 'wall', [0, 0], 0, [-1, -1])
(25, 39, 'wall', [0, 0], 0, [-1, -1])
(25, 40, 'wall', [1, 1], 0, [-1, -1])
(25, 41, 'floor', [4, 4], 90, [9, 5])
(25, 42, 'floor', [2, 4], 0, [8, 6])
(25, 43, 'floor', [2, 4], 0, [-1, -1])
(25, 44, 'floor', [2, 4], 0, [-1, -1])
(25, 45, 'floor', [0, 4], 0, [-1, -1])
(25, 46, 'floor', [0, 4], 0, [-1, -1])
(25, 47, 'floor', [0, 4], 0, [-1, -1])
(25, 48, 'wall', [3, 1], 0, [-1, -1])
(25, 49, 'wall', [0, 0], 0, [-1, -1])
(25, 50, 'wall', [0, 0], 0, [-1, -1])
(25, 51, 'wall', [0, 0], 0, [-1, -1])
(26, 0, 'wall', [0, 0], 0, [-1, -1])
(26, 1, 'wall', [0, 0], 0, [-1, -1])
(26, 2, 'wall', [1, 1], 0, [-1, -1])
(26, 3, 'wall', [4, 3], 0, [-1, -1])
(26, 4, 'wall', [4, 3], 0, [-1, -1])
(26, 5, 'wall', [4, 3], 0, [-1, -1])
(26, 6, 'wall', [11, 4], 0, [-1, -1])
(26, 7, 'floor', [2, 4], 90, [-1, -1])
(26, 8, 'floor', [0, 4], 0, [-1, -1])
(26, 9, 'wall', [9, 4], 0, [-1, -1])
(26, 10, 'wall', [4, 3], 0, [-1, -1])
(26, 11, 'wall', [4, 3], 0, [-1, -1])
(26, 12, 'wall', [4, 3], 0, [-1, -1])
(26, 13, 'wall', [3, 1], 0, [-1, -1])
(26, 14, 'wall', [1, 1], 0, [-1, -1])
(26, 15, 'floor', [4, 4], 90, [9, 5])
(26, 16, 'floor', [2, 4], 0, [10, 5])
(26, 17, 'floor', [2, 4], 0, [11, 5])
(26, 18, 'wall', [3, 1], 0, [-1, -1])
(26, 19, 'wall', [1, 1], 0, [-1, -1])
(26, 20, 'floor', [2, 4], 90, [-1, -1])
(26, 21, 'floor', [0, 4], 0, [-1, -1])
(26, 22, 'floor', [0, 4], 0, [-1, -1])
(26, 23, 'floor', [0, 4], 0, [-1, -1])
(26, 24, 'floor', [0, 4], 0, [-1, -1])
(26, 25, 'floor', [1, 4], 0, [-1, -1])
(26, 26, 'floor', [0, 4], 0, [-1, -1])
(26, 27, 'floor', [0, 4], 0, [-1, -1])
(26, 28, 'floor', [2, 4], 0, [-1, -1])
(26, 29, 'floor', [2, 4], 0, [-1, -1])
(26, 30, 'floor', [2, 4], 0, [-1, -1])
(26, 31, 'floor', [2, 4], 0, [-1, -1])
(26, 32, 'floor', [2, 4], 0, [-1, -1])
(26, 33, 'floor', [2, 4], 0, [-1, -1])
(26, 34, 'floor', [0, 4], 0, [-1, -1])
(26, 35, 'floor', [0, 4], 0, [-1, -1])
(26, 36, 'wall', [3, 1], 0, [-1, -1])
(26, 37, 'wall', [0, 0], 0, [-1, -1])
(26, 38, 'wall', [0, 0], 0, [-1, -1])
(26, 39, 'wall', [0, 0], 0, [-1, -1])
(26, 40, 'wall', [1, 1], 0, [-1, -1])
(26, 41, 'floor', [2, 4], 90, [9, 6])
(26, 42, 'floor', [0, 4], 0, [-1, -1])
(26, 43, 'floor', [0, 4], 0, [-1, -1])
(26, 44, 'floor', [0, 4], 0, [-1, -1])
(26, 45, 'floor', [0, 4], 0, [-1, -1])
(26, 46, 'floor', [0, 4], 0, [-1, -1])
(26, 47, 'floor', [0, 4], 0, [-1, -1])
(26, 48, 'wall', [3, 1], 0, [-1, -1])
(26, 49, 'wall', [0, 0], 0, [-1, -1])
(26, 50, 'wall', [0, 0], 0, [-1, -1])
(26, 51, 'wall', [0, 0], 0, [-1, -1])
(27, 0, 'wall', [0, 0], 0, [-1, -1])
(27, 1, 'wall', [0, 0], 0, [-1, -1])
(27, 2, 'wall', [1, 1], 0, [-1, -1])
(27, 3, 'floor', [4, 4], 90, [-1, -1])
(27, 4, 'floor', [2, 4], 0, [-1, -1])
(27, 5, 'floor', [2, 4], 0, [-1, -1])
(27, 6, 'floor', [2, 4], 0, [-1, -1])
(27, 7, 'floor', [0, 4], 90, [-1, -1])
(27, 8, 'floor', [1, 4], 0, [-1, -1])
(27, 9, 'floor', [2, 4], 0, [-1, -1])
(27, 10, 'floor', [2, 4], 0, [-1, -1])
(27, 11, 'floor', [2, 4], 0, [-1, -1])
(27, 12, 'floor', [2, 4], 0, [0, 6])
(27, 13, 'wall', [3, 1], 0, [-1, -1])
(27, 14, 'wall', [1, 1], 0, [-1, -1])
(27, 15, 'floor', [2, 4], 90, [11, 6])
(27, 16, 'floor', [0, 4], 1710, [10, 6])
(27, 17, 'floor', [0, 4], 1710, [11, 6])
(27, 18, 'wall', [3, 1], 0, [-1, -1])
(27, 19, 'wall', [1, 1], 0, [-1, -1])
(27, 20, 'floor', [2, 4], 90, [-1, -1])
(27, 21, 'floor', [0, 4], 0, [-1, -1])
(27, 22, 'floor', [0, 4], 0, [-1, -1])
(27, 23, 'floor', [0, 4], 1710, [6, 3])
(27, 24, 'floor', [0, 4], 0, [-1, -1])
(27, 25, 'floor', [0, 4], 0, [-1, -1])
(27, 26, 'floor', [0, 4], 0, [-1, -1])
(27, 27, 'floor', [0, 4], 0, [-1, -1])
(27, 28, 'floor', [0, 4], 0, [-1, -1])
(27, 29, 'floor', [0, 4], 0, [-1, -1])
(27, 30, 'floor', [0, 4], 1710, [6, 3])
(27, 31, 'floor', [0, 4], 0, [-1, -1])
(27, 32, 'floor', [0, 4], 0, [-1, -1])
(27, 33, 'floor', [0, 4], 0, [-1, -1])
(27, 34, 'floor', [0, 4], 0, [-1, -1])
(27, 35, 'floor', [0, 4], 0, [-1, -1])
(27, 36, 'wall', [3, 1], 0, [-1, -1])
(27, 37, 'wall', [0, 0], 0, [-1, -1])
(27, 38, 'wall', [0, 0], 0, [-1, -1])
(27, 39, 'wall', [0, 0], 0, [-1, -1])
(27, 40, 'wall', [1, 1], 0, [-1, -1])
(27, 41, 'floor', [2, 4], 90, [7, 4])
(27, 42, 'floor', [0, 4], 0, [-1, -1])
(27, 43, 'floor', [1, 4], 0, [-1, -1])
(27, 44, 'floor', [0, 4], 0, [-1, -1])
(27, 45, 'floor', [0, 4], 0, [-1, -1])
(27, 46, 'floor', [0, 4], 0, [-1, -1])
(27, 47, 'floor', [0, 4], 0, [-1, -1])
(27, 48, 'wall', [3, 1], 0, [-1, -1])
(27, 49, 'wall', [0, 0], 0, [-1, -1])
(27, 50, 'wall', [0, 0], 1710, [0, 2])
(27, 51, 'wall', [0, 0], 0, [-1, -1])
(28, 0, 'wall', [0, 0], 0, [-1, -1])
(28, 1, 'wall', [0, 0], 0, [-1, -1])
(28, 2, 'wall', [1, 1], 0, [-1, -1])
(28, 3, 'floor', [2, 4], 90, [-1, -1])
(28, 4, 'floor', [0, 4], 1350, [-1, -1])
(28, 5, 'floor', [0, 4], 0, [-1, -1])
(28, 6, 'floor', [0, 4], 0, [-1, -1])
(28, 7, 'floor', [0, 4], 90, [-1, -1])
(28, 8, 'floor', [0, 4], 0, [-1, -1])
(28, 9, 'floor', [0, 4], 0, [-1, -1])
(28, 10, 'floor', [1, 4], 0, [-1, -1])
(28, 11, 'floor', [0, 4], 0, [-1, -1])
(28, 12, 'floor', [0, 4], 90, [-1, -1])
(28, 13, 'wall', [3, 1], 0, [-1, -1])
(28, 14, 'wall', [1, 1], 0, [-1, -1])
(28, 15, 'floor', [2, 4], 90, [11, 6])
(28, 16, 'floor', [0, 4], 1710, [1, 10])
(28, 17, 'floor', [0, 4], 1710, [11, 6])
(28, 18, 'wall', [3, 1], 0, [-1, -1])
(28, 19, 'wall', [1, 1], 0, [-1, -1])
(28, 20, 'floor', [2, 4], 90, [-1, -1])
(28, 21, 'floor', [0, 4], 0, [-1, -1])
(28, 22, 'floor', [0, 4], 0, [-1, -1])
(28, 23, 'floor', [0, 4], 0, [-1, -1])
(28, 24, 'floor', [0, 4], 0, [-1, -1])
(28, 25, 'floor', [0, 4], 0, [-1, -1])
(28, 26, 'floor', [0, 4], 0, [-1, -1])
(28, 27, 'floor', [0, 4], 0, [-1, -1])
(28, 28, 'wall', [4, 0], 0, [-1, -1])
(28, 29, 'wall', [2, 2], 0, [-1, -1])
(28, 30, 'wall', [2, 2], 0, [-1, -1])
(28, 31, 'wall', [2, 2], 0, [-1, -1])
(28, 32, 'wall', [2, 2], 0, [-1, -1])
(28, 33, 'wall', [2, 2], 0, [-1, -1])
(28, 34, 'wall', [2, 2], 0, [-1, -1])
(28, 35, 'wall', [2, 2], 0, [-1, -1])
(28, 36, 'wall', [3, 2], 0, [-1, -1])
(28, 37, 'wall', [0, 0], 0, [-1, -1])
(28, 38, 'wall', [0, 0], 0, [-1, -1])
(28, 39, 'wall', [0, 0], 0, [-1, -1])
(28, 40, 'wall', [1, 1], 0, [-1, -1])
(28, 41, 'floor', [2, 4], 90, [-1, -1])
(28, 42, 'floor', [0, 4], 0, [-1, -1])
(28, 43, 'floor', [1, 4], 1710, [6, 3])
(28, 44, 'floor', [0, 4], 0, [-1, -1])
(28, 45, 'floor', [0, 4], 0, [-1, -1])
(28, 46, 'floor', [0, 4], 0, [-1, -1])
(28, 47, 'floor', [0, 4], 0, [-1, -1])
(28, 48, 'wall', [3, 1], 0, [-1, -1])
(28, 49, 'wall', [0, 0], 0, [-1, -1])
(28, 50, 'wall', [0, 0], 0, [-1, -1])
(28, 51, 'wall', [0, 0], 0, [-1, -1])
(29, 0, 'wall', [0, 0], 0, [-1, -1])
(29, 1, 'wall', [0, 0], 0, [-1, -1])
(29, 2, 'wall', [1, 1], 0, [-1, -1])
(29, 3, 'floor', [2, 4], 90, [7, 9])
(29, 4, 'floor', [0, 4], 0, [-1, -1])
(29, 5, 'floor', [0, 4], 0, [-1, -1])
(29, 6, 'floor', [0, 4], 0, [-1, -1])
(29, 7, 'floor', [0, 4], 0, [-1, -1])
(29, 8, 'floor', [0, 4], 0, [-1, -1])
(29, 9, 'floor', [0, 4], 0, [-1, -1])
(29, 10, 'floor', [0, 4], 0, [-1, -1])
(29, 11, 'floor', [0, 4], 0, [-1, -1])
(29, 12, 'floor', [0, 4], 1350, [5, 7])
(29, 13, 'wall', [3, 1], 0, [-1, -1])
(29, 14, 'wall', [1, 1], 0, [-1, -1])
(29, 15, 'floor', [2, 4], 90, [9, 7])
(29, 16, 'floor', [0, 4], 1710, [10, 7])
(29, 17, 'floor', [0, 4], 1710, [11, 7])
(29, 18, 'wall', [3, 1], 0, [-1, -1])
(29, 19, 'wall', [1, 1], 0, [-1, -1])
(29, 20, 'floor', [2, 4], 90, [0, 6])
(29, 21, 'floor', [0, 4], 0, [-1, -1])
(29, 22, 'floor', [0, 4], 0, [-1, -1])
(29, 23, 'floor', [0, 4], 0, [-1, -1])
(29, 24, 'floor', [0, 4], 0, [-1, -1])
(29, 25, 'floor', [0, 4], 1710, [6, 3])
(29, 26, 'floor', [0, 4], 0, [-1, -1])
(29, 27, 'floor', [0, 4], 0, [-1, -1])
(29, 28, 'wall', [3, 1], 0, [-1, -1])
(29, 29, 'wall', [0, 0], 0, [-1, -1])
(29, 30, 'wall', [0, 0], 0, [-1, -1])
(29, 31, 'wall', [0, 0], 0, [-1, -1])
(29, 32, 'wall', [0, 0], 0, [-1, -1])
(29, 33, 'wall', [0, 0], 0, [-1, -1])
(29, 34, 'wall', [0, 0], 0, [-1, -1])
(29, 35, 'wall', [0, 0], 0, [-1, -1])
(29, 36, 'wall', [0, 0], 0, [-1, -1])
(29, 37, 'wall', [0, 0], 0, [-1, -1])
(29, 38, 'wall', [0, 0], 1710, [0, 1])
(29, 39, 'wall', [0, 0], 0, [-1, -1])
(29, 40, 'wall', [1, 1], 0, [-1, -1])
(29, 41, 'floor', [2, 4], 90, [-1, -1])
(29, 42, 'floor', [1, 4], 0, [-1, -1])
(29, 43, 'floor', [0, 4], 0, [-1, -1])
(29, 44, 'floor', [0, 4], 0, [-1, -1])
(29, 45, 'floor', [0, 4], 0, [-1, -1])
(29, 46, 'floor', [0, 4], 0, [-1, -1])
(29, 47, 'floor', [0, 4], 0, [-1, -1])
(29, 48, 'wall', [3, 1], 0, [-1, -1])
(29, 49, 'wall', [0, 0], 0, [-1, -1])
(29, 50, 'wall', [0, 0], 0, [-1, -1])
(29, 51, 'wall', [0, 0], 0, [-1, -1])
(30, 0, 'wall', [0, 0], 0, [-1, -1])
(30, 1, 'wall', [0, 0], 0, [-1, -1])
(30, 2, 'wall', [1, 2], 0, [-1, -1])
(30, 3, 'wall', [2, 2], 0, [-1, -1])
(30, 4, 'wall', [2, 2], 0, [-1, -1])
(30, 5, 'wall', [2, 2], 0, [-1, -1])
(30, 6, 'wall', [2, 2], 0, [-1, -1])
(30, 7, 'wall', [2, 2], 0, [-1, -1])
(30, 8, 'wall', [2, 2], 0, [-1, -1])
(30, 9, 'wall', [2, 2], 0, [-1, -1])
(30, 10, 'wall', [2, 2], 0, [-1, -1])
(30, 11, 'wall', [2, 2], 0, [-1, -1])
(30, 12, 'wall', [2, 2], 0, [-1, -1])
(30, 13, 'wall', [3, 2], 0, [-1, -1])
(30, 14, 'wall', [1, 2], 0, [-1, -1])
(30, 15, 'wall', [2, 2], 0, [-1, -1])
(30, 16, 'wall', [2, 2], 0, [-1, -1])
(30, 17, 'wall', [2, 2], 0, [-1, -1])
(30, 18, 'wall', [3, 2], 0, [-1, -1])
(30, 19, 'wall', [1, 1], 0, [-1, -1])
(30, 20, 'floor', [2, 4], 90, [7, 9])
(30, 21, 'floor', [0, 4], 0, [-1, -1])
(30, 22, 'floor', [0, 4], 0, [-1, -1])
(30, 23, 'floor', [0, 4], 0, [-1, -1])
(30, 24, 'floor', [0, 4], 0, [-1, -1])
(30, 25, 'floor', [0, 4], 0, [-1, -1])
(30, 26, 'floor', [0, 4], 1710, [-1, -1])
(30, 27, 'floor', [0, 4], 1710, [3, 5])
(30, 28, 'wall', [3, 1], 0, [-1, -1])
(30, 29, 'wall', [0, 0], 1710, [0, 10])
(30, 30, 'wall', [0, 0], 0, [-1, -1])
(30, 31, 'wall', [0, 0], 0, [-1, -1])
(30, 32, 'wall', [0, 0], 0, [-1, -1])
(30, 33, 'wall', [0, 0], 0, [-1, -1])
(30, 34, 'wall', [0, 0], 1710, [0, 2])
(30, 35, 'wall', [0, 0], 0, [-1, -1])
(30, 36, 'wall', [0, 0], 0, [-1, -1])
(30, 37, 'wall', [0, 0], 0, [-1, -1])
(30, 38, 'wall', [0, 0], 0, [-1, -1])
(30, 39, 'wall', [0, 0], 0, [-1, -1])
(30, 40, 'wall', [1, 1], 0, [-1, -1])
(30, 41, 'floor', [2, 4], 90, [-1, -1])
(30, 42, 'floor', [0, 4], 0, [-1, -1])
(30, 43, 'floor', [0, 4], 0, [-1, -1])
(30, 44, 'floor', [0, 4], 0, [-1, -1])
(30, 45, 'floor', [0, 4], 0, [-1, -1])
(30, 46, 'floor', [0, 4], 0, [-1, -1])
(30, 47, 'floor', [0, 4], 0, [-1, -1])
(30, 48, 'wall', [3, 1], 0, [-1, -1])
(30, 49, 'wall', [0, 0], 0, [-1, -1])
(30, 50, 'wall', [0, 0], 0, [-1, -1])
(30, 51, 'wall', [0, 0], 0, [-1, -1])
(31, 0, 'wall', [0, 0], 0, [-1, -1])
(31, 1, 'wall', [0, 0], 0, [-1, -1])
(31, 2, 'wall', [1, 0], 0, [-1, -1])
(31, 3, 'wall', [2, 0], 0, [-1, -1])
(31, 4, 'wall', [2, 0], 0, [-1, -1])
(31, 5, 'wall', [2, 0], 0, [-1, -1])
(31, 6, 'wall', [2, 0], 0, [-1, -1])
(31, 7, 'wall', [3, 0], 0, [-1, -1])
(31, 8, 'wall', [1, 0], 0, [-1, -1])
(31, 9, 'wall', [2, 0], 0, [-1, -1])
(31, 10, 'wall', [2, 0], 0, [-1, -1])
(31, 11, 'wall', [3, 0], 0, [-1, -1])
(31, 12, 'wall', [1, 0], 0, [-1, -1])
(31, 13, 'wall', [2, 0], 0, [-1, -1])
(31, 14, 'wall', [2, 0], 0, [-1, -1])
(31, 15, 'wall', [3, 0], 0, [-1, -1])
(31, 16, 'wall', [1, 0], 0, [-1, -1])
(31, 17, 'wall', [2, 0], 0, [-1, -1])
(31, 18, 'wall', [2, 0], 0, [-1, -1])
(31, 19, 'wall', [3, 0], 0, [-1, -1])
(31, 20, 'wall', [2, 2], 0, [-1, -1])
(31, 21, 'wall', [2, 2], 0, [-1, -1])
(31, 22, 'wall', [5, 0], 0, [-1, -1])
(31, 23, 'floor', [2, 4], 90, [-1, -1])
(31, 24, 'floor', [0, 4], 0, [-1, -1])
(31, 25, 'wall', [4, 0], 0, [-1, -1])
(31, 26, 'wall', [2, 2], 0, [-1, -1])
(31, 27, 'wall', [2, 2], 0, [-1, -1])
(31, 28, 'wall', [3, 2], 0, [-1, -1])
(31, 29, 'wall', [0, 0], 0, [-1, -1])
(31, 30, 'wall', [0, 0], 0, [-1, -1])
(31, 31, 'wall', [1, 0], 0, [-1, -1])
(31, 32, 'wall', [2, 0], 0, [-1, -1])
(31, 33, 'wall', [2, 0], 0, [-1, -1])
(31, 34, 'wall', [2, 0], 0, [-1, -1])
(31, 35, 'wall', [2, 0], 0, [-1, -1])
(31, 36, 'wall', [2, 0], 0, [-1, -1])
(31, 37, 'wall', [2, 0], 0, [-1, -1])
(31, 38, 'wall', [3, 0], 0, [-1, -1])
(31, 39, 'wall', [0, 0], 0, [-1, -1])
(31, 40, 'wall', [1, 2], 0, [-1, -1])
(31, 41, 'wall', [2, 2], 0, [-1, -1])
(31, 42, 'wall', [5, 0], 0, [-1, -1])
(31, 43, 'floor', [2, 4], 90, [-1, -1])
(31, 44, 'floor', [1, 4], 0, [-1, -1])
(31, 45, 'floor', [0, 4], 0, [-1, -1])
(31, 46, 'wall', [4, 0], 0, [-1, -1])
(31, 47, 'wall', [2, 2], 0, [-1, -1])
(31, 48, 'wall', [3, 2], 0, [-1, -1])
(31, 49, 'wall', [0, 0], 0, [-1, -1])
(31, 50, 'wall', [0, 0], 0, [-1, -1])
(31, 51, 'wall', [0, 0], 0, [-1, -1])
(32, 0, 'wall', [0, 0], 0, [-1, -1])
(32, 1, 'wall', [0, 0], 0, [-1, -1])
(32, 2, 'wall', [1, 1], 0, [-1, -1])
(32, 3, 'wall', [4, 3], 0, [-1, -1])
(32, 4, 'wall', [4, 3], 0, [-1, -1])
(32, 5, 'wall', [4, 3], 0, [-1, -1])
(32, 6, 'wall', [4, 3], 0, [-1, -1])
(32, 7, 'wall', [3, 1], 0, [-1, -1])
(32, 8, 'wall', [1, 1], 0, [-1, -1])
(32, 9, 'wall', [4, 3], 0, [-1, -1])
(32, 10, 'wall', [4, 3], 0, [-1, -1])
(32, 11, 'wall', [3, 1], 0, [-1, -1])
(32, 12, 'wall', [1, 1], 0, [-1, -1])
(32, 13, 'wall', [4, 3], 0, [-1, -1])
(32, 14, 'wall', [4, 3], 0, [-1, -1])
(32, 15, 'wall', [3, 1], 0, [-1, -1])
(32, 16, 'wall', [1, 1], 0, [-1, -1])
(32, 17, 'wall', [4, 3], 0, [-1, -1])
(32, 18, 'wall', [4, 3], 0, [-1, -1])
(32, 19, 'wall', [3, 1], 0, [-1, -1])
(32, 20, 'wall', [0, 0], 0, [-1, -1])
(32, 21, 'wall', [0, 0], 0, [-1, -1])
(32, 22, 'wall', [1, 1], 0, [-1, -1])
(32, 23, 'floor', [2, 4], 90, [-1, -1])
(32, 24, 'floor', [0, 4], 0, [-1, -1])
(32, 25, 'wall', [3, 1], 0, [-1, -1])
(32, 26, 'wall', [0, 0], 0, [-1, -1])
(32, 27, 'wall', [0, 0], 0, [-1, -1])
(32, 28, 'wall', [0, 0], 0, [-1, -1])
(32, 29, 'wall', [0, 0], 0, [-1, -1])
(32, 30, 'wall', [0, 0], 0, [-1, -1])
(32, 31, 'wall', [1, 1], 0, [-1, -1])
(32, 32, 'wall', [4, 3], 0, [-1, -1])
(32, 33, 'wall', [4, 3], 0, [-1, -1])
(32, 34, 'wall', [4, 3], 0, [10, 3])
(32, 35, 'wall', [4, 3], 0, [11, 3])
(32, 36, 'wall', [4, 3], 0, [-1, -1])
(32, 37, 'wall', [4, 3], 0, [-1, -1])
(32, 38, 'wall', [3, 1], 0, [-1, -1])
(32, 39, 'wall', [0, 0], 0, [-1, -1])
(32, 40, 'wall', [0, 0], 0, [-1, -1])
(32, 41, 'wall', [0, 0], 0, [-1, -1])
(32, 42, 'wall', [1, 1], 0, [-1, -1])
(32, 43, 'floor', [2, 4], 90, [-1, -1])
(32, 44, 'floor', [0, 4], 0, [-1, -1])
(32, 45, 'floor', [0, 4], 0, [-1, -1])
(32, 46, 'wall', [3, 1], 0, [-1, -1])
(32, 47, 'wall', [0, 0], 0, [-1, -1])
(32, 48, 'wall', [0, 0], 0, [-1, -1])
(32, 49, 'wall', [0, 0], 0, [-1, -1])
(32, 50, 'wall', [0, 0], 0, [-1, -1])
(32, 51, 'wall', [0, 0], 0, [-1, -1])
(33, 0, 'wall', [0, 0], 0, [-1, -1])
(33, 1, 'wall', [0, 0], 0, [-1, -1])
(33, 2, 'wall', [1, 1], 0, [-1, -1])
(33, 3, 'floor', [4, 4], 90, [7, 9])
(33, 4, 'floor', [2, 4], 0, [5, 7])
(33, 5, 'floor', [2, 4], 0, [5, 7])
(33, 6, 'floor', [2, 4], 0, [5, 7])
(33, 7, 'wall', [4, 1], 0, [-1, -1])
(33, 8, 'wall', [5, 1], 0, [-1, -1])
(33, 9, 'floor', [4, 4], 90, [4, 5])
(33, 10, 'floor', [2, 4], 0, [-1, -1])
(33, 11, 'wall', [4, 1], 0, [-1, -1])
(33, 12, 'wall', [5, 1], 0, [-1, -1])
(33, 13, 'floor', [4, 4], 90, [5, 5])
(33, 14, 'floor', [2, 4], 0, [-1, -1])
(33, 15, 'wall', [4, 1], 0, [-1, -1])
(33, 16, 'wall', [5, 1], 0, [-1, -1])
(33, 17, 'floor', [4, 4], 90, [-1, -1])
(33, 18, 'floor', [2, 4], 0, [-1, -1])
(33, 19, 'wall', [4, 1], 0, [-1, -1])
(33, 20, 'wall', [2, 0], 0, [-1, -1])
(33, 21, 'wall', [2, 0], 0, [-1, -1])
(33, 22, 'wall', [5, 1], 0, [-1, -1])
(33, 23, 'floor', [2, 4], 90, [-1, -1])
(33, 24, 'floor', [0, 4], 0, [-1, -1])
(33, 25, 'wall', [3, 1], 0, [-1, -1])
(33, 26, 'wall', [0, 0], 0, [-1, -1])
(33, 27, 'wall', [0, 0], 0, [-1, -1])
(33, 28, 'wall', [0, 0], 0, [-1, -1])
(33, 29, 'wall', [0, 0], 0, [-1, -1])
(33, 30, 'wall', [0, 0], 0, [-1, -1])
(33, 31, 'wall', [1, 1], 0, [-1, -1])
(33, 32, 'floor', [4, 4], 90, [1, 8])
(33, 33, 'floor', [2, 4], 0, [-1, -1])
(33, 34, 'floor', [2, 4], 0, [-1, -1])
(33, 35, 'floor', [2, 4], 0, [-1, -1])
(33, 36, 'floor', [2, 4], 0, [-1, -1])
(33, 37, 'floor', [2, 4], 0, [0, 8])
(33, 38, 'wall', [3, 1], 0, [-1, -1])
(33, 39, 'wall', [0, 0], 0, [-1, -1])
(33, 40, 'wall', [0, 0], 0, [-1, -1])
(33, 41, 'wall', [0, 0], 0, [-1, -1])
(33, 42, 'wall', [1, 1], 0, [-1, -1])
(33, 43, 'floor', [2, 4], 90, [-1, -1])
(33, 44, 'floor', [0, 4], 0, [-1, -1])
(33, 45, 'floor', [0, 4], 0, [-1, -1])
(33, 46, 'wall', [3, 1], 0, [-1, -1])
(33, 47, 'wall', [0, 0], 0, [-1, -1])
(33, 48, 'wall', [0, 0], 0, [-1, -1])
(33, 49, 'wall', [0, 0], 0, [-1, -1])
(33, 50, 'wall', [0, 0], 0, [-1, -1])
(33, 51, 'wall', [0, 0], 0, [-1, -1])
(34, 0, 'wall', [0, 0], 0, [-1, -1])
(34, 1, 'wall', [0, 0], 0, [-1, -1])
(34, 2, 'wall', [1, 1], 0, [-1, -1])
(34, 3, 'floor', [2, 4], 90, [-1, -1])
(34, 4, 'floor', [0, 4], 0, [-1, -1])
(34, 5, 'floor', [0, 4], 0, [-1, -1])
(34, 6, 'floor', [0, 4], 1710, [-1, -1])
(34, 7, 'wall', [9, 4], 0, [-1, -1])
(34, 8, 'wall', [11, 4], 0, [-1, -1])
(34, 9, 'floor', [2, 4], 90, [-1, -1])
(34, 10, 'floor', [0, 4], 0, [-1, -1])
(34, 11, 'wall', [9, 4], 0, [-1, -1])
(34, 12, 'wall', [11, 4], 0, [-1, -1])
(34, 13, 'floor', [2, 4], 90, [-1, -1])
(34, 14, 'floor', [0, 4], 0, [-1, -1])
(34, 15, 'wall', [9, 4], 0, [-1, -1])
(34, 16, 'wall', [11, 4], 0, [-1, -1])
(34, 17, 'floor', [2, 4], 90, [-1, -1])
(34, 18, 'floor', [0, 4], 1710, [6, 3])
(34, 19, 'wall', [9, 4], 0, [-1, -1])
(34, 20, 'wall', [4, 3], 0, [-1, -1])
(34, 21, 'wall', [4, 3], 0, [-1, -1])
(34, 22, 'wall', [11, 4], 0, [-1, -1])
(34, 23, 'floor', [2, 4], 90, [-1, -1])
(34, 24, 'floor', [0, 4], 0, [-1, -1])
(34, 25, 'wall', [3, 1], 0, [-1, -1])
(34, 26, 'wall', [0, 0], 0, [-1, -1])
(34, 27, 'wall', [0, 0], 0, [-1, -1])
(34, 28, 'wall', [0, 0], 0, [-1, -1])
(34, 29, 'wall', [0, 0], 0, [-1, -1])
(34, 30, 'wall', [0, 0], 1710, [0, 1])
(34, 31, 'wall', [1, 1], 0, [-1, -1])
(34, 32, 'floor', [2, 4], 90, [-1, -1])
(34, 33, 'floor', [0, 4], 0, [-1, -1])
(34, 34, 'floor', [0, 4], 0, [-1, -1])
(34, 35, 'floor', [0, 4], 0, [-1, -1])
(34, 36, 'floor', [0, 4], 1710, [6, 3])
(34, 37, 'floor', [0, 4], 0, [-1, -1])
(34, 38, 'wall', [4, 1], 0, [-1, -1])
(34, 39, 'wall', [2, 0], 0, [-1, -1])
(34, 40, 'wall', [2, 0], 0, [-1, -1])
(34, 41, 'wall', [2, 0], 0, [-1, -1])
(34, 42, 'wall', [5, 1], 0, [-1, -1])
(34, 43, 'floor', [2, 4], 90, [-1, -1])
(34, 44, 'floor', [0, 4], 0, [-1, -1])
(34, 45, 'floor', [0, 4], 0, [-1, -1])
(34, 46, 'wall', [3, 1], 0, [-1, -1])
(34, 47, 'wall', [0, 0], 0, [-1, -1])
(34, 48, 'wall', [0, 0], 0, [-1, -1])
(34, 49, 'wall', [0, 0], 1710, [0, 1])
(34, 50, 'wall', [0, 0], 0, [-1, -1])
(34, 51, 'wall', [0, 0], 0, [-1, -1])
(35, 0, 'wall', [0, 0], 0, [-1, -1])
(35, 1, 'wall', [0, 0], 0, [-1, -1])
(35, 2, 'wall', [1, 1], 0, [-1, -1])
(35, 3, 'floor', [2, 4], 90, [-1, -1])
(35, 4, 'floor', [1, 4], 0, [-1, -1])
(35, 5, 'floor', [0, 4], 0, [-1, -1])
(35, 6, 'floor', [0, 4], 0, [-1, -1])
(35, 7, 'floor', [2, 4], 0, [-1, -1])
(35, 8, 'floor', [2, 4], 0, [-1, -1])
(35, 9, 'floor', [0, 4], 0, [-1, -1])
(35, 10, 'floor', [0, 4], 0, [-1, -1])
(35, 11, 'floor', [2, 4], 0, [-1, -1])
(35, 12, 'floor', [2, 4], 0, [-1, -1])
(35, 13, 'floor', [0, 4], 0, [-1, -1])
(35, 14, 'floor', [0, 4], 0, [-1, -1])
(35, 15, 'floor', [2, 4], 0, [-1, -1])
(35, 16, 'floor', [2, 4], 0, [-1, -1])
(35, 17, 'floor', [0, 4], 0, [-1, -1])
(35, 18, 'floor', [0, 4], 0, [-1, -1])
(35, 19, 'floor', [2, 4], 0, [-1, -1])
(35, 20, 'floor', [2, 4], 0, [-1, -1])
(35, 21, 'floor', [2, 4], 0, [-1, -1])
(35, 22, 'floor', [2, 4], 0, [-1, -1])
(35, 23, 'floor', [0, 4], 90, [-1, -1])
(35, 24, 'floor', [0, 4], 0, [-1, -1])
(35, 25, 'wall', [3, 1], 0, [-1, -1])
(35, 26, 'wall', [0, 0], 0, [-1, -1])
(35, 27, 'wall', [0, 0], 0, [-1, -1])
(35, 28, 'wall', [0, 0], 0, [-1, -1])
(35, 29, 'wall', [0, 0], 0, [-1, -1])
(35, 30, 'wall', [0, 0], 0, [-1, -1])
(35, 31, 'wall', [1, 1], 0, [-1, -1])
(35, 32, 'floor', [2, 4], 90, [-1, -1])
(35, 33, 'floor', [1, 4], 0, [-1, -1])
(35, 34, 'floor', [0, 4], 0, [-1, -1])
(35, 35, 'floor', [0, 4], 0, [-1, -1])
(35, 36, 'floor', [0, 4], 0, [-1, -1])
(35, 37, 'floor', [0, 4], 0, [-1, -1])
(35, 38, 'wall', [9, 4], 0, [-1, -1])
(35, 39, 'wall', [4, 3], 0, [-1, -1])
(35, 40, 'wall', [4, 3], 0, [-1, -1])
(35, 41, 'wall', [4, 3], 0, [-1, -1])
(35, 42, 'wall', [11, 4], 0, [-1, -1])
(35, 43, 'floor', [2, 4], 90, [-1, -1])
(35, 44, 'floor', [0, 4], 0, [-1, -1])
(35, 45, 'floor', [0, 4], 0, [-1, -1])
(35, 46, 'wall', [3, 1], 0, [-1, -1])
(35, 47, 'wall', [0, 0], 0, [-1, -1])
(35, 48, 'wall', [0, 0], 0, [-1, -1])
(35, 49, 'wall', [0, 0], 0, [-1, -1])
(35, 50, 'wall', [0, 0], 0, [-1, -1])
(35, 51, 'wall', [0, 0], 0, [-1, -1])
(36, 0, 'wall', [0, 0], 0, [-1, -1])
(36, 1, 'wall', [0, 0], 1710, [0, 2])
(36, 2, 'wall', [1, 1], 0, [-1, -1])
(36, 3, 'floor', [2, 4], 90, [-1, -1])
(36, 4, 'floor', [0, 4], 0, [-1, -1])
(36, 5, 'floor', [0, 4], 1710, [6, 3])
(36, 6, 'floor', [0, 4], 1710, [-1, -1])
(36, 7, 'wall', [4, 0], 0, [-1, -1])
(36, 8, 'wall', [5, 0], 0, [-1, -1])
(36, 9, 'floor', [2, 4], 90, [-1, -1])
(36, 10, 'floor', [0, 4], 0, [-1, -1])
(36, 11, 'wall', [4, 0], 0, [-1, -1])
(36, 12, 'wall', [5, 0], 0, [-1, -1])
(36, 13, 'floor', [2, 4], 90, [-1, -1])
(36, 14, 'floor', [0, 4], 0, [-1, -1])
(36, 15, 'wall', [4, 0], 0, [-1, -1])
(36, 16, 'wall', [5, 0], 0, [-1, -1])
(36, 17, 'floor', [2, 4], 90, [-1, -1])
(36, 18, 'floor', [0, 4], 0, [-1, -1])
(36, 19, 'floor', [0, 4], 0, [-1, -1])
(36, 20, 'floor', [0, 4], 0, [-1, -1])
(36, 21, 'floor', [0, 4], 0, [-1, -1])
(36, 22, 'floor', [0, 4], 0, [-1, -1])
(36, 23, 'floor', [0, 4], 0, [-1, -1])
(36, 24, 'floor', [0, 4], 1710, [6, 3])
(36, 25, 'wall', [3, 1], 0, [-1, -1])
(36, 26, 'wall', [0, 0], 0, [-1, -1])
(36, 27, 'wall', [0, 0], 0, [-1, -1])
(36, 28, 'wall', [0, 0], 0, [-1, -1])
(36, 29, 'wall', [0, 0], 0, [-1, -1])
(36, 30, 'wall', [0, 0], 0, [-1, -1])
(36, 31, 'wall', [1, 1], 0, [-1, -1])
(36, 32, 'floor', [2, 4], 90, [-1, -1])
(36, 33, 'floor', [0, 4], 1710, [6, 3])
(36, 34, 'floor', [0, 4], 0, [-1, -1])
(36, 35, 'floor', [1, 4], 0, [-1, -1])
(36, 36, 'floor', [0, 4], 0, [-1, -1])
(36, 37, 'floor', [0, 4], 0, [-1, -1])
(36, 38, 'floor', [2, 4], 0, [-1, -1])
(36, 39, 'floor', [2, 4], 0, [-1, -1])
(36, 40, 'floor', [2, 4], 0, [-1, -1])
(36, 41, 'floor', [2, 4], 0, [-1, -1])
(36, 42, 'floor', [2, 4], 0, [-1, -1])
(36, 43, 'floor', [0, 4], 0, [-1, -1])
(36, 44, 'floor', [0, 4], 0, [-1, -1])
(36, 45, 'floor', [0, 4], 0, [-1, -1])
(36, 46, 'wall', [3, 1], 0, [-1, -1])
(36, 47, 'wall', [0, 0], 0, [-1, -1])
(36, 48, 'wall', [0, 0], 0, [-1, -1])
(36, 49, 'wall', [0, 0], 0, [-1, -1])
(36, 50, 'wall', [0, 0], 0, [-1, -1])
(36, 51, 'wall', [0, 0], 0, [-1, -1])
(37, 0, 'wall', [0, 0], 0, [-1, -1])
(37, 1, 'wall', [0, 0], 0, [-1, -1])
(37, 2, 'wall', [1, 1], 0, [-1, -1])
(37, 3, 'floor', [2, 4], 90, [-1, -1])
(37, 4, 'floor', [0, 4], 0, [-1, -1])
(37, 5, 'floor', [0, 4], 0, [-1, -1])
(37, 6, 'floor', [0, 4], 0, [-1, -1])
(37, 7, 'wall', [3, 1], 0, [-1, -1])
(37, 8, 'wall', [1, 1], 0, [-1, -1])
(37, 9, 'floor', [2, 4], 90, [-1, -1])
(37, 10, 'floor', [0, 4], 0, [-1, -1])
(37, 11, 'wall', [3, 1], 0, [-1, -1])
(37, 12, 'wall', [1, 1], 0, [-1, -1])
(37, 13, 'floor', [2, 4], 90, [-1, -1])
(37, 14, 'floor', [0, 4], 0, [-1, -1])
(37, 15, 'wall', [3, 1], 0, [-1, -1])
(37, 16, 'wall', [1, 1], 0, [-1, -1])
(37, 17, 'floor', [2, 4], 90, [-1, -1])
(37, 18, 'floor', [0, 4], 0, [-1, -1])
(37, 19, 'wall', [4, 0], 0, [-1, -1])
(37, 20, 'wall', [2, 2], 0, [-1, -1])
(37, 21, 'wall', [2, 2], 0, [-1, -1])
(37, 22, 'wall', [2, 2], 0, [-1, -1])
(37, 23, 'wall', [2, 2], 0, [-1, -1])
(37, 24, 'wall', [2, 2], 0, [-1, -1])
(37, 25, 'wall', [3, 2], 0, [-1, -1])
(37, 26, 'wall', [0, 0], 0, [-1, -1])
(37, 27, 'wall', [0, 0], 0, [-1, -1])
(37, 28, 'wall', [0, 0], 0, [-1, -1])
(37, 29, 'wall', [0, 0], 1710, [0, 2])
(37, 30, 'wall', [0, 0], 0, [-1, -1])
(37, 31, 'wall', [1, 1], 0, [-1, -1])
(37, 32, 'floor', [2, 4], 90, [-1, -1])
(37, 33, 'floor', [0, 4], 0, [-1, -1])
(37, 34, 'floor', [0, 4], 0, [-1, -1])
(37, 35, 'floor', [0, 4], 0, [-1, -1])
(37, 36, 'floor', [1, 4], 0, [-1, -1])
(37, 37, 'floor', [0, 4], 0, [-1, -1])
(37, 38, 'floor', [0, 4], 0, [-1, -1])
(37, 39, 'floor', [0, 4], 0, [-1, -1])
(37, 40, 'floor', [0, 4], 0, [-1, -1])
(37, 41, 'floor', [0, 4], 0, [-1, -1])
(37, 42, 'floor', [0, 4], 0, [-1, -1])
(37, 43, 'floor', [0, 4], 1710, [6, 3])
(37, 44, 'floor', [0, 4], 0, [-1, -1])
(37, 45, 'floor', [0, 4], 0, [-1, -1])
(37, 46, 'wall', [3, 1], 0, [-1, -1])
(37, 47, 'wall', [0, 0], 0, [-1, -1])
(37, 48, 'wall', [0, 0], 0, [-1, -1])
(37, 49, 'wall', [0, 0], 0, [-1, -1])
(37, 50, 'wall', [0, 0], 0, [-1, -1])
(37, 51, 'wall', [0, 0], 0, [-1, -1])
(38, 0, 'wall', [0, 0], 0, [-1, -1])
(38, 1, 'wall', [0, 0], 0, [-1, -1])
(38, 2, 'wall', [1, 1], 0, [-1, -1])
(38, 3, 'floor', [2, 4], 90, [7, 9])
(38, 4, 'floor', [0, 4], 1710, [5, 7])
(38, 5, 'floor', [0, 4], 1710, [5, 7])
(38, 6, 'floor', [0, 4], 1710, [5, 7])
(38, 7, 'wall', [3, 1], 0, [-1, -1])
(38, 8, 'wall', [1, 1], 0, [-1, -1])
(38, 9, 'floor', [2, 4], 90, [-1, -1])
(38, 10, 'floor', [0, 4], 1710, [4, 5])
(38, 11, 'wall', [3, 1], 0, [-1, -1])
(38, 12, 'wall', [1, 1], 0, [-1, -1])
(38, 13, 'floor', [2, 4], 90, [-1, -1])
(38, 14, 'floor', [0, 4], 1710, [6, 3])
(38, 15, 'wall', [3, 1], 0, [-1, -1])
(38, 16, 'wall', [1, 1], 0, [-1, -1])
(38, 17, 'floor', [2, 4], 90, [-1, -1])
(38, 18, 'floor', [0, 4], 0, [-1, -1])
(38, 19, 'wall', [3, 1], 0, [-1, -1])
(38, 20, 'wall', [0, 0], 0, [-1, -1])
(38, 21, 'wall', [0, 0], 0, [-1, -1])
(38, 22, 'wall', [0, 0], 0, [-1, -1])
(38, 23, 'wall', [0, 0], 0, [-1, -1])
(38, 24, 'wall', [0, 0], 0, [-1, -1])
(38, 25, 'wall', [0, 0], 0, [-1, -1])
(38, 26, 'wall', [0, 0], 1710, [0, 1])
(38, 27, 'wall', [0, 0], 0, [-1, -1])
(38, 28, 'wall', [0, 0], 0, [-1, -1])
(38, 29, 'wall', [0, 0], 0, [-1, -1])
(38, 30, 'wall', [0, 0], 0, [-1, -1])
(38, 31, 'wall', [1, 1], 0, [-1, -1])
(38, 32, 'floor', [2, 4], 90, [5, 7])
(38, 33, 'floor', [0, 4], 0, [-1, -1])
(38, 34, 'floor', [0, 4], 0, [-1, -1])
(38, 35, 'floor', [0, 4], 0, [-1, -1])
(38, 36, 'floor', [0, 4], 0, [-1, -1])
(38, 37, 'floor', [0, 4], 0, [-1, -1])
(38, 38, 'floor', [0, 4], 0, [-1, -1])
(38, 39, 'floor', [0, 4], 0, [-1, -1])
(38, 40, 'floor', [0, 4], 0, [-1, -1])
(38, 41, 'floor', [0, 4], 0, [-1, -1])
(38, 42, 'floor', [0, 4], 0, [-1, -1])
(38, 43, 'floor', [0, 4], 0, [-1, -1])
(38, 44, 'floor', [0, 4], 0, [-1, -1])
(38, 45, 'floor', [0, 4], 0, [-1, -1])
(38, 46, 'wall', [3, 1], 0, [-1, -1])
(38, 47, 'wall', [0, 0], 0, [-1, -1])
(38, 48, 'wall', [0, 0], 0, [-1, -1])
(38, 49, 'wall', [0, 0], 0, [-1, -1])
(38, 50, 'wall', [0, 0], 0, [-1, -1])
(38, 51, 'wall', [0, 0], 0, [-1, -1])
(39, 0, 'wall', [0, 0], 0, [-1, -1])
(39, 1, 'wall', [0, 0], 0, [-1, -1])
(39, 2, 'wall', [1, 2], 0, [-1, -1])
(39, 3, 'wall', [2, 2], 0, [-1, -1])
(39, 4, 'wall', [2, 2], 0, [-1, -1])
(39, 5, 'wall', [2, 2], 0, [-1, -1])
(39, 6, 'wall', [2, 2], 0, [-1, -1])
(39, 7, 'wall', [3, 2], 0, [-1, -1])
(39, 8, 'wall', [1, 2], 0, [-1, -1])
(39, 9, 'wall', [2, 2], 0, [-1, -1])
(39, 10, 'wall', [2, 2], 0, [-1, -1])
(39, 11, 'wall', [3, 2], 0, [-1, -1])
(39, 12, 'wall', [1, 2], 0, [-1, -1])
(39, 13, 'wall', [2, 2], 0, [-1, -1])
(39, 14, 'wall', [2, 2], 0, [-1, -1])
(39, 15, 'wall', [3, 2], 0, [-1, -1])
(39, 16, 'wall', [1, 2], 0, [-1, -1])
(39, 17, 'wall', [2, 2], 0, [-1, -1])
(39, 18, 'wall', [2, 2], 0, [-1, -1])
(39, 19, 'wall', [3, 2], 0, [-1, -1])
(39, 20, 'wall', [0, 0], 0, [-1, -1])
(39, 21, 'wall', [0, 0], 0, [-1, -1])
(39, 22, 'wall', [0, 0], 0, [-1, -1])
(39, 23, 'wall', [0, 0], 0, [-1, -1])
(39, 24, 'wall', [0, 0], 0, [-1, -1])
(39, 25, 'wall', [0, 0], 0, [-1, -1])
(39, 26, 'wall', [0, 0], 0, [-1, -1])
(39, 27, 'wall', [0, 0], 0, [-1, -1])
(39, 28, 'wall', [0, 0], 0, [-1, -1])
(39, 29, 'wall', [0, 0], 0, [-1, -1])
(39, 30, 'wall', [0, 0], 0, [-1, -1])
(39, 31, 'wall', [1, 2], 0, [-1, -1])
(39, 32, 'wall', [2, 2], 0, [-1, -1])
(39, 33, 'wall', [2, 2], 0, [-1, -1])
(39, 34, 'wall', [2, 2], 0, [-1, -1])
(39, 35, 'wall', [2, 2], 0, [-1, -1])
(39, 36, 'wall', [2, 2], 0, [-1, -1])
(39, 37, 'wall', [2, 2], 0, [-1, -1])
(39, 38, 'wall', [2, 2], 0, [-1, -1])
(39, 39, 'wall', [2, 2], 0, [-1, -1])
(39, 40, 'wall', [2, 2], 0, [-1, -1])
(39, 41, 'wall', [2, 2], 0, [-1, -1])
(39, 42, 'wall', [2, 2], 0, [-1, -1])
(39, 43, 'wall', [2, 2], 0, [-1, -1])
(39, 44, 'wall', [2, 2], 0, [-1, -1])
(39, 45, 'wall', [2, 2], 0, [-1, -1])
(39, 46, 'wall', [3, 2], 0, [-1, -1])
(39, 47, 'wall', [0, 0], 0, [-1, -1])
(39, 48, 'wall', [0, 0], 0, [-1, -1])
(39, 49, 'wall', [0, 0], 0, [-1, -1])
(39, 50, 'wall', [0, 0], 0, [-1, -1])
(39, 51, 'wall', [0, 0], 0, [-1, -1])
(40, 0, 'wall', [0, 0], 0, [-1, -1])
(40, 1, 'wall', [0, 0], 0, [-1, -1])
(40, 2, 'wall', [0, 0], 0, [-1, -1])
(40, 3, 'wall', [0, 0], 0, [-1, -1])
(40, 4, 'wall', [0, 0], 0, [-1, -1])
(40, 5, 'wall', [0, 0], 0, [-1, -1])
(40, 6, 'wall', [0, 0], 0, [-1, -1])
(40, 7, 'wall', [0, 0], 0, [-1, -1])
(40, 8, 'wall', [0, 0], 0, [-1, -1])
(40, 9, 'wall', [0, 0], 0, [-1, -1])
(40, 10, 'wall', [0, 0], 0, [-1, -1])
(40, 11, 'wall', [0, 0], 0, [-1, -1])
(40, 12, 'wall', [0, 0], 0, [-1, -1])
(40, 13, 'wall', [0, 0], 0, [-1, -1])
(40, 14, 'wall', [0, 0], 0, [-1, -1])
(40, 15, 'wall', [0, 0], 0, [-1, -1])
(40, 16, 'wall', [0, 0], 0, [-1, -1])
(40, 17, 'wall', [0, 0], 0, [-1, -1])
(40, 18, 'wall', [0, 0], 0, [-1, -1])
(40, 19, 'wall', [0, 0], 0, [-1, -1])
(40, 20, 'wall', [0, 0], 0, [-1, -1])
(40, 21, 'wall', [0, 0], 0, [-1, -1])
(40, 22, 'wall', [0, 0], 0, [-1, -1])
(40, 23, 'wall', [0, 0], 0, [-1, -1])
(40, 24, 'wall', [0, 0], 0, [-1, -1])
(40, 25, 'wall', [0, 0], 0, [-1, -1])
(40, 26, 'wall', [0, 0], 0, [-1, -1])
(40, 27, 'wall', [0, 0], 0, [-1, -1])
(40, 28, 'wall', [0, 0], 0, [-1, -1])
(40, 29, 'wall', [0, 0], 0, [-1, -1])
(40, 30, 'wall', [0, 0], 0, [-1, -1])
(40, 31, 'wall', [0, 0], 0, [-1, -1])
(40, 32, 'wall', [0, 0], 0, [-1, -1])
(40, 33, 'wall', [0, 0], 0, [-1, -1])
(40, 34, 'wall', [0, 0], 0, [-1, -1])
(40, 35, 'wall', [0, 0], 0, [-1, -1])
(40, 36, 'wall', [0, 0], 0, [-1, -1])
(40, 37, 'wall', [0, 0], 0, [-1, -1])
(40, 38, 'wall', [0, 0], 0, [-1, -1])
(40, 39, 'wall', [0, 0], 0, [-1, -1])
(40, 40, 'wall', [0, 0], 0, [-1, -1])
(40, 41, 'wall', [0, 0], 0, [-1, -1])
(40, 42, 'wall', [0, 0], 0, [-1, -1])
(40, 43, 'wall', [0, 0], 0, [-1, -1])
(40, 44, 'wall', [0, 0], 0, [-1, -1])
(40, 45, 'wall', [0, 0], 0, [-1, -1])
(40, 46, 'wall', [0, 0], 0, [-1, -1])
(40, 47, 'wall', [0, 0], 0, [-1, -1])
(40, 48, 'wall', [0, 0], 0, [-1, -1])
(40, 49, 'wall', [0, 0], 0, [-1, -1])
(40, 50, 'wall', [0, 0], 0, [-1, -1])
(40, 51, 'wall', [0, 0], 0, [-1, -1])
