(72, 34, 64)
(0, 0, 'wall', [0, 0], 0, [-1, -1])
(0, 1, 'wall', [0, 0], 0, [-1, -1])
(0, 2, 'wall', [0, 0], 0, [-1, -1])
(0, 3, 'wall', [0, 0], 0, [-1, -1])
(0, 4, 'wall', [0, 0], 0, [-1, -1])
(0, 5, 'wall', [0, 0], 0, [-1, -1])
(0, 6, 'wall', [0, 0], 0, [-1, -1])
(0, 7, 'wall', [0, 0], 0, [-1, -1])
(0, 8, 'wall', [0, 0], 0, [-1, -1])
(0, 9, 'wall', [0, 0], 0, [-1, -1])
(0, 10, 'wall', [0, 0], 0, [-1, -1])
(0, 11, 'wall', [0, 0], 0, [-1, -1])
(0, 12, 'wall', [0, 0], 0, [-1, -1])
(0, 13, 'wall', [0, 0], 0, [-1, -1])
(0, 14, 'wall', [0, 0], 0, [-1, -1])
(0, 15, 'wall', [0, 0], 0, [-1, -1])
(0, 16, 'wall', [0, 0], 0, [-1, -1])
(0, 17, 'wall', [0, 0], 0, [-1, -1])
(0, 18, 'wall', [0, 0], 0, [-1, -1])
(0, 19, 'wall', [0, 0], 0, [-1, -1])
(0, 20, 'wall', [0, 0], 0, [-1, -1])
(0, 21, 'wall', [0, 0], 0, [-1, -1])
(0, 22, 'wall', [0, 0], 0, [-1, -1])
(0, 23, 'wall', [0, 0], 0, [-1, -1])
(0, 24, 'wall', [0, 0], 0, [-1, -1])
(0, 25, 'wall', [0, 0], 0, [-1, -1])
(0, 26, 'wall', [0, 0], 0, [-1, -1])
(0, 27, 'wall', [0, 0], 0, [-1, -1])
(0, 28, 'wall', [0, 0], 0, [-1, -1])
(0, 29, 'wall', [0, 0], 0, [-1, -1])
(0, 30, 'wall', [0, 0], 0, [-1, -1])
(0, 31, 'wall', [0, 0], 0, [-1, -1])
(0, 32, 'wall', [0, 0], 0, [-1, -1])
(0, 33, 'wall', [0, 0], 0, [-1, -1])
(0, 34, 'wall', [0, 0], 0, [-1, -1])
(0, 35, 'wall', [0, 0], 0, [-1, -1])
(0, 36, 'wall', [0, 0], 0, [-1, -1])
(0, 37, 'wall', [0, 0], 0, [-1, -1])
(0, 38, 'wall', [0, 0], 0, [-1, -1])
(0, 39, 'wall', [0, 0], 0, [-1, -1])
(0, 40, 'wall', [0, 0], 0, [-1, -1])
(0, 41, 'wall', [0, 0], 0, [-1, -1])
(0, 42, 'wall', [0, 0], 0, [-1, -1])
(0, 43, 'wall', [0, 0], 0, [-1, -1])
(0, 44, 'wall', [0, 0], 0, [-1, -1])
(0, 45, 'wall', [0, 0], 0, [-1, -1])
(0, 46, 'wall', [0, 0], 0, [-1, -1])
(0, 47, 'wall', [0, 0], 0, [-1, -1])
(0, 48, 'wall', [0, 0], 0, [-1, -1])
(0, 49, 'wall', [0, 0], 0, [-1, -1])
(0, 50, 'wall', [0, 0], 0, [-1, -1])
(0, 51, 'wall', [0, 0], 0, [-1, -1])
(0, 52, 'wall', [0, 0], 0, [-1, -1])
(0, 53, 'wall', [0, 0], 0, [-1, -1])
(0, 54, 'wall', [0, 0], 0, [-1, -1])
(0, 55, 'wall', [0, 0], 0, [-1, -1])
(0, 56, 'wall', [0, 0], 0, [-1, -1])
(0, 57, 'wall', [0, 0], 0, [-1, -1])
(0, 58, 'wall', [0, 0], 0, [-1, -1])
(0, 59, 'wall', [0, 0], 0, [-1, -1])
(0, 60, 'wall', [0, 0], 0, [-1, -1])
(0, 61, 'wall', [0, 0], 0, [-1, -1])
(0, 62, 'wall', [0, 0], 0, [-1, -1])
(0, 63, 'wall', [0, 0], 0, [-1, -1])
(0, 64, 'wall', [0, 0], 0, [-1, -1])
(0, 65, 'wall', [0, 0], 0, [-1, -1])
(0, 66, 'wall', [0, 0], 0, [-1, -1])
(0, 67, 'wall', [0, 0], 0, [-1, -1])
(0, 68, 'wall', [0, 0], 0, [-1, -1])
(0, 69, 'wall', [0, 0], 0, [-1, -1])
(0, 70, 'wall', [0, 0], 0, [-1, -1])
(0, 71, 'wall', [0, 0], 0, [-1, -1])
(1, 0, 'wall', [0, 0], 0, [-1, -1])
(1, 1, 'wall', [0, 0], 0, [-1, -1])
(1, 2, 'wall', [0, 0], 0, [-1, -1])
(1, 3, 'wall', [0, 0], 0, [-1, -1])
(1, 4, 'wall', [0, 0], 0, [-1, -1])
(1, 5, 'wall', [0, 0], 0, [-1, -1])
(1, 6, 'wall', [0, 0], 0, [-1, -1])
(1, 7, 'wall', [0, 0], 0, [-1, -1])
(1, 8, 'wall', [0, 0], 0, [-1, -1])
(1, 9, 'wall', [1, 0], 0, [-1, -1])
(1, 10, 'wall', [2, 0], 0, [-1, -1])
(1, 11, 'wall', [2, 0], 0, [-1, -1])
(1, 12, 'wall', [2, 0], 360, [6, 0])
(1, 13, 'wall', [2, 0], 0, [-1, -1])
(1, 14, 'wall', [2, 0], 0, [-1, -1])
(1, 15, 'wall', [2, 0], 0, [-1, -1])
(1, 16, 'wall', [2, 0], 360, [6, 0])
(1, 17, 'wall', [2, 0], 0, [-1, -1])
(1, 18, 'wall', [2, 0], 0, [-1, -1])
(1, 19, 'wall', [3, 0], 0, [-1, -1])
(1, 20, 'wall', [0, 0], 0, [-1, -1])
(1, 21, 'wall', [0, 0], 0, [-1, -1])
(1, 22, 'wall', [0, 0], 0, [-1, -1])
(1, 23, 'wall', [0, 0], 0, [-1, -1])
(1, 24, 'wall', [0, 0], 0, [-1, -1])
(1, 25, 'wall', [1, 0], 0, [-1, -1])
(1, 26, 'wall', [2, 0], 0, [6, 0])
(1, 27, 'wall', [2, 0], 0, [-1, -1])
(1, 28, 'wall', [2, 0], 0, [-1, -1])
(1, 29, 'wall', [2, 0], 0, [6, 0])
(1, 30, 'wall', [2, 0], 0, [-1, -1])
(1, 31, 'wall', [2, 0], 0, [-1, -1])
(1, 32, 'wall', [2, 0], 0, [-1, -1])
(1, 33, 'wall', [2, 0], 0, [-1, -1])
(1, 34, 'wall', [2, 0], 0, [-1, -1])
(1, 35, 'wall', [2, 0], 0, [-1, -1])
(1, 36, 'wall', [2, 0], 0, [6, 0])
(1, 37, 'wall', [2, 0], 0, [-1, -1])
(1, 38, 'wall', [2, 0], 0, [-1, -1])
(1, 39, 'wall', [2, 0], 0, [-1, -1])
(1, 40, 'wall', [2, 0], 0, [-1, -1])
(1, 41, 'wall', [2, 0], 0, [-1, -1])
(1, 42, 'wall', [2, 0], 0, [6, 0])
(1, 43, 'wall', [3, 0], 0, [-1, -1])
(1, 44, 'wall', [0, 0], 0, [-1, -1])
(1, 45, 'wall', [0, 0], 0, [-1, -1])
(1, 46, 'wall', [0, 0], 0, [-1, -1])
(1, 47, 'wall', [0, 0], 0, [-1, -1])
(1, 48, 'wall', [0, 0], 0, [-1, -1])
(1, 49, 'wall', [0, 0], 0, [-1, -1])
(1, 50, 'wall', [0, 0], 0, [-1, -1])
(1, 51, 'wall', [0, 0], 0, [-1, -1])
(1, 52, 'wall', [0, 0], 0, [-1, -1])
(1, 53, 'wall', [0, 0], 0, [-1, -1])
(1, 54, 'wall', [0, 0], 0, [-1, -1])
(1, 55, 'wall', [0, 0], 0, [-1, -1])
(1, 56, 'wall', [0, 0], 0, [-1, -1])
(1, 57, 'wall', [0, 0], 0, [-1, -1])
(1, 58, 'wall', [0, 0], 0, [-1, -1])
(1, 59, 'wall', [0, 0], 0, [-1, -1])
(1, 60, 'wall', [0, 0], 0, [-1, -1])
(1, 61, 'wall', [0, 0], 0, [-1, -1])
(1, 62, 'wall', [0, 0], 0, [-1, -1])
(1, 63, 'wall', [0, 0], 0, [-1, -1])
(1, 64, 'wall', [0, 0], 0, [-1, -1])
(1, 65, 'wall', [0, 0], 0, [-1, -1])
(1, 66, 'wall', [0, 0], 0, [-1, -1])
(1, 67, 'wall', [0, 0], 0, [-1, -1])
(1, 68, 'wall', [0, 0], 0, [-1, -1])
(1, 69, 'wall', [0, 0], 0, [-1, -1])
(1, 70, 'wall', [0, 0], 0, [-1, -1])
(1, 71, 'wall', [0, 0], 0, [-1, -1])
(2, 0, 'wall', [0, 0], 0, [-1, -1])
(2, 1, 'wall', [0, 0], 0, [-1, -1])
(2, 2, 'wall', [0, 0], 0, [-1, -1])
(2, 3, 'wall', [0, 0], 0, [-1, -1])
(2, 4, 'wall', [0, 0], 0, [-1, -1])
(2, 5, 'wall', [0, 0], 0, [-1, -1])
(2, 6, 'wall', [0, 0], 0, [-1, -1])
(2, 7, 'wall', [0, 0], 0, [-1, -1])
(2, 8, 'wall', [1, 0], 0, [-1, -1])
(2, 9, 'wall', [2, 0], 0, [5, 1])
(2, 10, 'wall', [4, 3], 0, [8, 9])
(2, 11, 'wall', [4, 3], 0, [8, 10])
(2, 12, 'wall', [4, 3], 360, [6, 1])
(2, 13, 'wall', [4, 3], 0, [8, 8])
(2, 14, 'wall', [4, 3], 0, [5, 2])
(2, 15, 'wall', [4, 3], 0, [9, 10])
(2, 16, 'wall', [4, 3], 360, [6, 1])
(2, 17, 'wall', [4, 3], 0, [7, 10])
(2, 18, 'wall', [4, 3], 0, [7, 9])
(2, 19, 'wall', [2, 0], 0, [4, 1])
(2, 20, 'wall', [3, 0], 0, [-1, -1])
(2, 21, 'wall', [0, 0], 0, [-1, -1])
(2, 22, 'wall', [0, 0], 0, [-1, -1])
(2, 23, 'wall', [0, 0], 0, [-1, -1])
(2, 24, 'wall', [0, 0], 0, [-1, -1])
(2, 25, 'wall', [1, 1], 0, [-1, -1])
(2, 26, 'wall', [4, 3], 0, [6, 1])
(2, 27, 'wall', [4, 3], 0, [5, 8])
(2, 28, 'wall', [4, 3], 0, [6, 8])
(2, 29, 'wall', [4, 3], 0, [6, 1])
(2, 30, 'wall', [4, 3], 0, [7, 8])
(2, 31, 'wall', [4, 3], 0, [8, 8])
(2, 32, 'wall', [4, 3], 0, [9, 8])
(2, 33, 'wall', [4, 3], 0, [10, 8])
(2, 34, 'wall', [4, 3], 0, [9, 10])
(2, 35, 'wall', [4, 3], 0, [10, 10])
(2, 36, 'wall', [4, 3], 0, [6, 1])
(2, 37, 'wall', [4, 3], 0, [9, 9])
(2, 38, 'wall', [4, 3], 0, [-1, -1])
(2, 39, 'wall', [4, 3], 0, [10, 9])
(2, 40, 'wall', [4, 3], 0, [-1, -1])
(2, 41, 'wall', [4, 3], 0, [11, 9])
(2, 42, 'wall', [4, 3], 0, [6, 1])
(2, 43, 'wall', [3, 1], 0, [-1, -1])
(2, 44, 'wall', [0, 0], 0, [-1, -1])
(2, 45, 'wall', [0, 0], 0, [-1, -1])
(2, 46, 'wall', [0, 0], 0, [-1, -1])
(2, 47, 'wall', [0, 0], 0, [-1, -1])
(2, 48, 'wall', [0, 0], 0, [-1, -1])
(2, 49, 'wall', [0, 0], 0, [-1, -1])
(2, 50, 'wall', [0, 0], 0, [-1, -1])
(2, 51, 'wall', [0, 0], 0, [-1, -1])
(2, 52, 'wall', [0, 0], 0, [-1, -1])
(2, 53, 'wall', [0, 0], 0, [-1, -1])
(2, 54, 'wall', [0, 0], 0, [-1, -1])
(2, 55, 'wall', [0, 0], 0, [-1, -1])
(2, 56, 'wall', [0, 0], 0, [-1, -1])
(2, 57, 'wall', [0, 0], 0, [-1, -1])
(2, 58, 'wall', [0, 0], 0, [-1, -1])
(2, 59, 'wall', [0, 0], 0, [-1, -1])
(2, 60, 'wall', [0, 0], 0, [-1, -1])
(2, 61, 'wall', [0, 0], 0, [-1, -1])
(2, 62, 'wall', [0, 0], 0, [-1, -1])
(2, 63, 'wall', [0, 0], 0, [-1, -1])
(2, 64, 'wall', [0, 0], 0, [-1, -1])
(2, 65, 'wall', [0, 0], 0, [-1, -1])
(2, 66, 'wall', [0, 0], 0, [-1, -1])
(2, 67, 'wall', [0, 0], 0, [-1, -1])
(2, 68, 'wall', [0, 0], 0, [-1, -1])
(2, 69, 'wall', [0, 0], 0, [-1, -1])
(2, 70, 'wall', [0, 0], 0, [-1, -1])
(2, 71, 'wall', [0, 0], 0, [-1, -1])
(3, 0, 'wall', [0, 0], 0, [-1, -1])
(3, 1, 'wall', [0, 0], 0, [-1, -1])
(3, 2, 'wall', [0, 0], 0, [-1, -1])
(3, 3, 'wall', [0, 0], 0, [-1, -1])
(3, 4, 'wall', [0, 0], 0, [-1, -1])
(3, 5, 'wall', [0, 0], 0, [-1, -1])
(3, 6, 'wall', [0, 0], 0, [-1, -1])
(3, 7, 'wall', [0, 0], 0, [-1, -1])
(3, 8, 'wall', [1, 1], 0, [-1, -1])
(3, 9, 'wall', [11, 4], 0, [-1, -1])
(3, 10, 'floor', [4, 4], 0, [2, 3])
(3, 11, 'floor', [2, 4], 0, [2, 6])
(3, 12, 'floor', [2, 4], 360, [6, 2])
(3, 13, 'floor', [2, 4], 0, [-1, -1])
(3, 14, 'floor', [2, 4], 0, [-1, -1])
(3, 15, 'floor', [2, 4], 0, [-1, -1])
(3, 16, 'floor', [2, 4], 360, [6, 2])
(3, 17, 'floor', [2, 4], 0, [5, 7])
(3, 18, 'floor', [2, 4], 0, [-1, -1])
(3, 19, 'wall', [9, 4], 0, [-1, -1])
(3, 20, 'wall', [3, 1], 0, [-1, -1])
(3, 21, 'wall', [0, 0], 0, [-1, -1])
(3, 22, 'wall', [0, 0], 0, [-1, -1])
(3, 23, 'wall', [0, 0], 0, [-1, -1])
(3, 24, 'wall', [0, 0], 0, [-1, -1])
(3, 25, 'wall', [1, 1], 0, [-1, -1])
(3, 26, 'floor', [4, 4], 0, [6, 2])
(3, 27, 'floor', [2, 4], 0, [-1, -1])
(3, 28, 'floor', [2, 4], 0, [-1, -1])
(3, 29, 'floor', [2, 4], 0, [6, 2])
(3, 30, 'floor', [2, 4], 0, [-1, -1])
(3, 31, 'floor', [2, 4], 0, [-1, -1])
(3, 32, 'floor', [2, 4], 0, [-1, -1])
(3, 33, 'floor', [2, 4], 0, [3, 4])
(3, 34, 'floor', [2, 4], 0, [-1, -1])
(3, 35, 'floor', [2, 4], 0, [-1, -1])
(3, 36, 'floor', [2, 4], 0, [6, 2])
(3, 37, 'floor', [2, 4], 0, [3, 4])
(3, 38, 'floor', [2, 4], 0, [-1, -1])
(3, 39, 'floor', [2, 4], 0, [-1, -1])
(3, 40, 'floor', [2, 4], 0, [-1, -1])
(3, 41, 'floor', [2, 4], 0, [-1, -1])
(3, 42, 'floor', [2, 4], 0, [6, 2])
(3, 43, 'wall', [3, 1], 0, [-1, -1])
(3, 44, 'wall', [0, 0], 0, [-1, -1])
(3, 45, 'wall', [0, 0], 0, [-1, -1])
(3, 46, 'wall', [0, 0], 0, [-1, -1])
(3, 47, 'wall', [0, 0], 0, [-1, -1])
(3, 48, 'wall', [0, 0], 0, [-1, -1])
(3, 49, 'wall', [0, 0], 0, [-1, -1])
(3, 50, 'wall', [0, 0], 0, [-1, -1])
(3, 51, 'wall', [0, 0], 0, [-1, -1])
(3, 52, 'wall', [0, 0], 0, [-1, -1])
(3, 53, 'wall', [0, 0], 0, [-1, -1])
(3, 54, 'wall', [0, 0], 0, [-1, -1])
(3, 55, 'wall', [0, 0], 0, [-1, -1])
(3, 56, 'wall', [0, 0], 0, [-1, -1])
(3, 57, 'wall', [0, 0], 0, [-1, -1])
(3, 58, 'wall', [0, 0], 0, [-1, -1])
(3, 59, 'wall', [0, 0], 0, [-1, -1])
(3, 60, 'wall', [0, 0], 0, [-1, -1])
(3, 61, 'wall', [0, 0], 0, [-1, -1])
(3, 62, 'wall', [0, 0], 0, [-1, -1])
(3, 63, 'wall', [0, 0], 0, [-1, -1])
(3, 64, 'wall', [0, 0], 0, [-1, -1])
(3, 65, 'wall', [0, 0], 0, [-1, -1])
(3, 66, 'wall', [0, 0], 0, [-1, -1])
(3, 67, 'wall', [0, 0], 0, [-1, -1])
(3, 68, 'wall', [0, 0], 0, [-1, -1])
(3, 69, 'wall', [0, 0], 0, [-1, -1])
(3, 70, 'wall', [0, 0], 0, [-1, -1])
(3, 71, 'wall', [0, 0], 0, [-1, -1])
(4, 0, 'wall', [0, 0], 0, [-1, -1])
(4, 1, 'wall', [0, 0], 0, [-1, -1])
(4, 2, 'wall', [0, 0], 0, [-1, -1])
(4, 3, 'wall', [0, 0], 0, [-1, -1])
(4, 4, 'wall', [0, 0], 0, [-1, -1])
(4, 5, 'wall', [0, 0], 0, [-1, -1])
(4, 6, 'wall', [0, 0], 0, [-1, -1])
(4, 7, 'wall', [0, 0], 0, [-1, -1])
(4, 8, 'wall', [1, 1], 0, [-1, -1])
(4, 9, 'floor', [4, 4], 0, [2, 3])
(4, 10, 'floor', [0, 4], 0, [-1, -1])
(4, 11, 'floor', [0, 4], 0, [-1, -1])
(4, 12, 'floor', [0, 4], 0, [-1, -1])
(4, 13, 'floor', [1, 4], 0, [0, 4])
(4, 14, 'floor', [0, 4], 0, [-1, -1])
(4, 15, 'floor', [0, 4], 0, [-1, -1])
(4, 16, 'floor', [0, 4], 0, [-1, -1])
(4, 17, 'floor', [0, 4], 0, [-1, -1])
(4, 18, 'floor', [0, 4], 0, [-1, -1])
(4, 19, 'floor', [2, 4], 0, [-1, -1])
(4, 20, 'wall', [3, 1], 0, [-1, -1])
(4, 21, 'wall', [0, 0], 0, [-1, -1])
(4, 22, 'wall', [0, 0], 0, [-1, -1])
(4, 23, 'wall', [0, 0], 0, [-1, -1])
(4, 24, 'wall', [0, 0], 0, [-1, -1])
(4, 25, 'wall', [1, 1], 0, [-1, -1])
(4, 26, 'floor', [2, 4], 0, [1, 3])
(4, 27, 'floor', [0, 4], 0, [-1, -1])
(4, 28, 'floor', [0, 4], 0, [-1, -1])
(4, 29, 'floor', [0, 4], 0, [-1, -1])
(4, 30, 'floor', [0, 4], 0, [-1, -1])
(4, 31, 'floor', [1, 4], 0, [0, 4])
(4, 32, 'floor', [0, 4], 0, [-1, -1])
(4, 33, 'floor', [0, 4], 0, [-1, -1])
(4, 34, 'floor', [0, 4], 0, [-1, -1])
(4, 35, 'floor', [0, 4], 0, [-1, -1])
(4, 36, 'floor', [0, 4], 0, [-1, -1])
(4, 37, 'floor', [0, 4], 0, [-1, -1])
(4, 38, 'floor', [0, 4], 0, [-1, -1])
(4, 39, 'floor', [0, 4], 0, [-1, -1])
(4, 40, 'floor', [0, 4], 0, [-1, -1])
(4, 41, 'floor', [1, 4], 0, [-1, -1])
(4, 42, 'floor', [0, 4], 0, [-1, -1])
(4, 43, 'wall', [3, 1], 0, [-1, -1])
(4, 44, 'wall', [0, 0], 0, [-1, -1])
(4, 45, 'wall', [0, 0], 0, [-1, -1])
(4, 46, 'wall', [0, 0], 0, [-1, -1])
(4, 47, 'wall', [0, 0], 0, [-1, -1])
(4, 48, 'wall', [0, 0], 0, [-1, -1])
(4, 49, 'wall', [0, 0], 0, [-1, -1])
(4, 50, 'wall', [0, 0], 0, [-1, -1])
(4, 51, 'wall', [0, 0], 0, [-1, -1])
(4, 52, 'wall', [0, 0], 0, [-1, -1])
(4, 53, 'wall', [0, 0], 0, [-1, -1])
(4, 54, 'wall', [0, 0], 0, [-1, -1])
(4, 55, 'wall', [0, 0], 0, [-1, -1])
(4, 56, 'wall', [0, 0], 0, [-1, -1])
(4, 57, 'wall', [0, 0], 0, [-1, -1])
(4, 58, 'wall', [0, 0], 0, [-1, -1])
(4, 59, 'wall', [0, 0], 0, [-1, -1])
(4, 60, 'wall', [0, 0], 0, [-1, -1])
(4, 61, 'wall', [0, 0], 0, [-1, -1])
(4, 62, 'wall', [0, 0], 0, [-1, -1])
(4, 63, 'wall', [0, 0], 0, [-1, -1])
(4, 64, 'wall', [0, 0], 0, [-1, -1])
(4, 65, 'wall', [0, 0], 0, [-1, -1])
(4, 66, 'wall', [0, 0], 0, [-1, -1])
(4, 67, 'wall', [0, 0], 0, [-1, -1])
(4, 68, 'wall', [0, 0], 0, [-1, -1])
(4, 69, 'wall', [0, 0], 0, [-1, -1])
(4, 70, 'wall', [0, 0], 0, [-1, -1])
(4, 71, 'wall', [0, 0], 0, [-1, -1])
(5, 0, 'wall', [0, 0], 0, [-1, -1])
(5, 1, 'wall', [0, 0], 0, [-1, -1])
(5, 2, 'wall', [0, 0], 0, [-1, -1])
(5, 3, 'wall', [0, 0], 0, [-1, -1])
(5, 4, 'wall', [0, 0], 0, [-1, -1])
(5, 5, 'wall', [0, 0], 0, [-1, -1])
(5, 6, 'wall', [0, 0], 0, [-1, -1])
(5, 7, 'wall', [0, 0], 0, [-1, -1])
(5, 8, 'wall', [1, 1], 0, [-1, -1])
(5, 9, 'floor', [2, 4], 0, [0, 3])
(5, 10, 'floor', [0, 4], 0, [-1, -1])
(5, 11, 'floor', [0, 4], 0, [7, 5])
(5, 12, 'floor', [0, 4], 0, [8, 5])
(5, 13, 'floor', [0, 4], 0, [8, 5])
(5, 14, 'floor', [0, 4], 0, [8, 5])
(5, 15, 'floor', [0, 4], 0, [8, 5])
(5, 16, 'floor', [0, 4], 0, [8, 5])
(5, 17, 'floor', [0, 4], 0, [9, 5])
(5, 18, 'floor', [0, 4], 0, [-1, -1])
(5, 19, 'floor', [0, 4], 0, [-1, -1])
(5, 20, 'wall', [3, 1], 0, [-1, -1])
(5, 21, 'wall', [0, 0], 0, [-1, -1])
(5, 22, 'wall', [0, 0], 0, [-1, -1])
(5, 23, 'wall', [0, 0], 0, [-1, -1])
(5, 24, 'wall', [0, 0], 0, [-1, -1])
(5, 25, 'wall', [1, 1], 0, [-1, -1])
(5, 26, 'floor', [2, 4], 0, [0, 3])
(5, 27, 'floor', [1, 4], 0, [0, 4])
(5, 28, 'floor', [0, 4], 0, [-1, -1])
(5, 29, 'floor', [0, 4], 0, [-1, -1])
(5, 30, 'floor', [0, 4], 0, [-1, -1])
(5, 31, 'floor', [0, 4], 0, [-1, -1])
(5, 32, 'floor', [0, 4], 0, [-1, -1])
(5, 33, 'floor', [0, 4], 0, [-1, -1])
(5, 34, 'floor', [0, 4], 0, [-1, -1])
(5, 35, 'floor', [0, 4], 0, [-1, -1])
(5, 36, 'floor', [0, 4], 0, [-1, -1])
(5, 37, 'floor', [1, 4], 0, [0, 4])
(5, 38, 'floor', [0, 4], 0, [-1, -1])
(5, 39, 'floor', [0, 4], 0, [-1, -1])
(5, 40, 'floor', [0, 4], 0, [-1, -1])
(5, 41, 'floor', [0, 4], 0, [-1, -1])
(5, 42, 'floor', [0, 4], 360, [0, 8])
(5, 43, 'wall', [3, 1], 0, [-1, -1])
(5, 44, 'wall', [0, 0], 0, [-1, -1])
(5, 45, 'wall', [0, 0], 0, [-1, -1])
(5, 46, 'wall', [0, 0], 0, [-1, -1])
(5, 47, 'wall', [0, 0], 0, [-1, -1])
(5, 48, 'wall', [0, 0], 0, [-1, -1])
(5, 49, 'wall', [0, 0], 0, [-1, -1])
(5, 50, 'wall', [0, 0], 0, [-1, -1])
(5, 51, 'wall', [1, 0], 0, [-1, -1])
(5, 52, 'wall', [2, 0], 0, [-1, -1])
(5, 53, 'wall', [2, 0], 0, [-1, -1])
(5, 54, 'wall', [2, 0], 0, [-1, -1])
(5, 55, 'wall', [2, 0], 0, [-1, -1])
(5, 56, 'wall', [2, 0], 0, [-1, -1])
(5, 57, 'wall', [2, 0], 0, [-1, -1])
(5, 58, 'wall', [3, 0], 0, [-1, -1])
(5, 59, 'wall', [0, 0], 0, [-1, -1])
(5, 60, 'wall', [0, 0], 0, [-1, -1])
(5, 61, 'wall', [0, 0], 0, [-1, -1])
(5, 62, 'wall', [0, 0], 0, [-1, -1])
(5, 63, 'wall', [0, 0], 0, [-1, -1])
(5, 64, 'wall', [0, 0], 0, [-1, -1])
(5, 65, 'wall', [0, 0], 0, [-1, -1])
(5, 66, 'wall', [0, 0], 0, [-1, -1])
(5, 67, 'wall', [0, 0], 0, [-1, -1])
(5, 68, 'wall', [0, 0], 0, [-1, -1])
(5, 69, 'wall', [0, 0], 0, [-1, -1])
(5, 70, 'wall', [0, 0], 0, [-1, -1])
(5, 71, 'wall', [0, 0], 0, [-1, -1])
(6, 0, 'wall', [0, 0], 0, [-1, -1])
(6, 1, 'wall', [0, 0], 0, [-1, -1])
(6, 2, 'wall', [0, 0], 0, [-1, -1])
(6, 3, 'wall', [0, 0], 0, [-1, -1])
(6, 4, 'wall', [0, 0], 0, [-1, -1])
(6, 5, 'wall', [0, 0], 0, [-1, -1])
(6, 6, 'wall', [0, 0], 0, [-1, -1])
(6, 7, 'wall', [0, 0], 0, [-1, -1])
(6, 8, 'wall', [1, 1], 0, [-1, -1])
(6, 9, 'floor', [2, 4], 0, [0, 3])
(6, 10, 'floor', [0, 4], 0, [-1, -1])
(6, 11, 'floor', [0, 4], 0, [7, 6])
(6, 12, 'floor', [0, 4], 0, [8, 6])
(6, 13, 'floor', [0, 4], 0, [8, 6])
(6, 14, 'floor', [0, 4], 0, [8, 6])
(6, 15, 'floor', [1, 4], 0, [8, 6])
(6, 16, 'floor', [0, 4], 0, [8, 6])
(6, 17, 'floor', [0, 4], 0, [9, 6])
(6, 18, 'floor', [0, 4], 0, [-1, -1])
(6, 19, 'floor', [0, 4], 0, [-1, -1])
(6, 20, 'wall', [3, 1], 0, [-1, -1])
(6, 21, 'wall', [0, 0], 0, [-1, -1])
(6, 22, 'wall', [0, 0], 0, [-1, -1])
(6, 23, 'wall', [0, 0], 0, [-1, -1])
(6, 24, 'wall', [0, 0], 0, [-1, -1])
(6, 25, 'wall', [1, 1], 0, [-1, -1])
(6, 26, 'floor', [2, 4], 0, [0, 3])
(6, 27, 'floor', [0, 4], 0, [-1, -1])
(6, 28, 'floor', [0, 4], 0, [-1, -1])
(6, 29, 'floor', [0, 4], 0, [-1, -1])
(6, 30, 'floor', [0, 4], 0, [-1, -1])
(6, 31, 'floor', [0, 4], 0, [-1, -1])
(6, 32, 'floor', [0, 4], 0, [0, 4])
(6, 33, 'floor', [1, 4], 0, [0, 4])
(6, 34, 'floor', [0, 4], 0, [-1, -1])
(6, 35, 'floor', [0, 4], 0, [-1, -1])
(6, 36, 'floor', [0, 4], 0, [-1, -1])
(6, 37, 'floor', [0, 4], 0, [-1, -1])
(6, 38, 'floor', [0, 4], 0, [-1, -1])
(6, 39, 'floor', [0, 4], 0, [-1, -1])
(6, 40, 'floor', [0, 4], 0, [-1, -1])
(6, 41, 'floor', [0, 4], 0, [-1, -1])
(6, 42, 'floor', [0, 4], 0, [-1, -1])
(6, 43, 'wall', [3, 1], 0, [-1, -1])
(6, 44, 'wall', [0, 0], 0, [-1, -1])
(6, 45, 'wall', [0, 0], 0, [-1, -1])
(6, 46, 'wall', [0, 0], 0, [-1, -1])
(6, 47, 'wall', [0, 0], 0, [-1, -1])
(6, 48, 'wall', [0, 0], 0, [-1, -1])
(6, 49, 'wall', [1, 0], 0, [-1, -1])
(6, 50, 'wall', [2, 0], 0, [-1, -1])
(6, 51, 'wall', [2, 0], 0, [5, 1])
(6, 52, 'wall', [4, 3], 0, [-1, -1])
(6, 53, 'wall', [4, 3], 0, [5, 2])
(6, 54, 'wall', [4, 3], 0, [-1, -1])
(6, 55, 'wall', [4, 3], 0, [-1, -1])
(6, 56, 'wall', [4, 3], 0, [5, 2])
(6, 57, 'wall', [4, 3], 0, [-1, -1])
(6, 58, 'wall', [2, 0], 0, [4, 1])
(6, 59, 'wall', [2, 0], 0, [-1, -1])
(6, 60, 'wall', [3, 0], 0, [-1, -1])
(6, 61, 'wall', [0, 0], 0, [-1, -1])
(6, 62, 'wall', [0, 0], 0, [-1, -1])
(6, 63, 'wall', [0, 0], 0, [-1, -1])
(6, 64, 'wall', [0, 0], 0, [-1, -1])
(6, 65, 'wall', [0, 0], 0, [-1, -1])
(6, 66, 'wall', [0, 0], 0, [-1, -1])
(6, 67, 'wall', [0, 0], 0, [-1, -1])
(6, 68, 'wall', [0, 0], 0, [-1, -1])
(6, 69, 'wall', [0, 0], 0, [-1, -1])
(6, 70, 'wall', [0, 0], 0, [-1, -1])
(6, 71, 'wall', [0, 0], 0, [-1, -1])
(7, 0, 'wall', [0, 0], 0, [-1, -1])
(7, 1, 'wall', [0, 0], 0, [-1, -1])
(7, 2, 'wall', [0, 0], 0, [-1, -1])
(7, 3, 'wall', [0, 0], 0, [-1, -1])
(7, 4, 'wall', [0, 0], 0, [-1, -1])
(7, 5, 'wall', [0, 0], 0, [-1, -1])
(7, 6, 'wall', [0, 0], 0, [-1, -1])
(7, 7, 'wall', [0, 0], 0, [-1, -1])
(7, 8, 'wall', [1, 1], 0, [-1, -1])
(7, 9, 'floor', [2, 4], 0, [1, 3])
(7, 10, 'floor', [0, 4], 0, [-1, -1])
(7, 11, 'floor', [1, 4], 0, [7, 6])
(7, 12, 'floor', [0, 4], 0, [8, 6])
(7, 13, 'floor', [0, 4], 0, [8, 6])
(7, 14, 'floor', [0, 4], 0, [8, 6])
(7, 15, 'floor', [0, 4], 0, [8, 6])
(7, 16, 'floor', [0, 4], 0, [8, 6])
(7, 17, 'floor', [0, 4], 0, [9, 6])
(7, 18, 'floor', [0, 4], 0, [-1, -1])
(7, 19, 'floor', [0, 4], 0, [-1, -1])
(7, 20, 'wall', [3, 1], 0, [-1, -1])
(7, 21, 'wall', [0, 0], 0, [-1, -1])
(7, 22, 'wall', [0, 0], 0, [-1, -1])
(7, 23, 'wall', [0, 0], 0, [-1, -1])
(7, 24, 'wall', [0, 0], 0, [-1, -1])
(7, 25, 'wall', [1, 1], 0, [-1, -1])
(7, 26, 'floor', [2, 4], 0, [0, 3])
(7, 27, 'floor', [0, 4], 0, [-1, -1])
(7, 28, 'floor', [0, 4], 0, [-1, -1])
(7, 29, 'floor', [1, 4], 0, [0, 4])
(7, 30, 'floor', [0, 4], 0, [-1, -1])
(7, 31, 'floor', [0, 4], 0, [-1, -1])
(7, 32, 'floor', [0, 4], 0, [-1, -1])
(7, 33, 'floor', [0, 4], 0, [-1, -1])
(7, 34, 'floor', [0, 4], 0, [-1, -1])
(7, 35, 'floor', [0, 4], 0, [-1, -1])
(7, 36, 'floor', [0, 4], 0, [-1, -1])
(7, 37, 'floor', [0, 4], 0, [-1, -1])
(7, 38, 'floor', [0, 4], 0, [-1, -1])
(7, 39, 'floor', [1, 4], 0, [-1, -1])
(7, 40, 'floor', [0, 4], 0, [-1, -1])
(7, 41, 'floor', [0, 4], 0, [-1, -1])
(7, 42, 'floor', [0, 4], 360, [1, 8])
(7, 43, 'wall', [3, 1], 0, [-1, -1])
(7, 44, 'wall', [0, 0], 0, [-1, -1])
(7, 45, 'wall', [0, 0], 0, [-1, -1])
(7, 46, 'wall', [0, 0], 0, [-1, -1])
(7, 47, 'wall', [0, 0], 0, [-1, -1])
(7, 48, 'wall', [1, 0], 0, [-1, -1])
(7, 49, 'wall', [2, 0], 0, [5, 1])
(7, 50, 'wall', [4, 3], 0, [-1, -1])
(7, 51, 'wall', [11, 4], 0, [-1, -1])
(7, 52, 'floor', [4, 4], 0, [2, 3])
(7, 53, 'floor', [2, 4], 0, [-1, -1])
(7, 54, 'floor', [2, 4], 0, [-1, -1])
(7, 55, 'floor', [2, 4], 0, [-1, -1])
(7, 56, 'floor', [2, 4], 0, [-1, -1])
(7, 57, 'floor', [2, 4], 0, [-1, -1])
(7, 58, 'wall', [9, 4], 0, [-1, -1])
(7, 59, 'wall', [4, 3], 0, [-1, -1])
(7, 60, 'wall', [2, 0], 0, [4, 1])
(7, 61, 'wall', [3, 0], 0, [-1, -1])
(7, 62, 'wall', [0, 0], 0, [-1, -1])
(7, 63, 'wall', [0, 0], 0, [-1, -1])
(7, 64, 'wall', [0, 0], 0, [-1, -1])
(7, 65, 'wall', [0, 0], 0, [-1, -1])
(7, 66, 'wall', [0, 0], 0, [-1, -1])
(7, 67, 'wall', [0, 0], 0, [-1, -1])
(7, 68, 'wall', [0, 0], 0, [-1, -1])
(7, 69, 'wall', [0, 0], 0, [-1, -1])
(7, 70, 'wall', [0, 0], 0, [-1, -1])
(7, 71, 'wall', [0, 0], 0, [-1, -1])
(8, 0, 'wall', [0, 0], 0, [-1, -1])
(8, 1, 'wall', [0, 0], 0, [-1, -1])
(8, 2, 'wall', [0, 0], 0, [-1, -1])
(8, 3, 'wall', [0, 0], 0, [-1, -1])
(8, 4, 'wall', [0, 0], 0, [-1, -1])
(8, 5, 'wall', [0, 0], 0, [-1, -1])
(8, 6, 'wall', [0, 0], 0, [-1, -1])
(8, 7, 'wall', [0, 0], 0, [-1, -1])
(8, 8, 'wall', [1, 1], 0, [-1, -1])
(8, 9, 'floor', [2, 4], 0, [0, 3])
(8, 10, 'floor', [0, 4], 0, [-1, -1])
(8, 11, 'floor', [0, 4], 0, [7, 7])
(8, 12, 'floor', [0, 4], 0, [8, 7])
(8, 13, 'floor', [0, 4], 0, [8, 7])
(8, 14, 'floor', [0, 4], 0, [8, 7])
(8, 15, 'floor', [0, 4], 0, [8, 7])
(8, 16, 'floor', [0, 4], 0, [8, 7])
(8, 17, 'floor', [1, 4], 0, [9, 7])
(8, 18, 'floor', [0, 4], 0, [-1, -1])
(8, 19, 'floor', [0, 4], 0, [-1, -1])
(8, 20, 'wall', [3, 1], 0, [-1, -1])
(8, 21, 'wall', [0, 0], 0, [-1, -1])
(8, 22, 'wall', [0, 0], 0, [-1, -1])
(8, 23, 'wall', [0, 0], 0, [-1, -1])
(8, 24, 'wall', [0, 0], 0, [-1, -1])
(8, 25, 'wall', [1, 1], 0, [-1, -1])
(8, 26, 'floor', [2, 4], 0, [0, 3])
(8, 27, 'floor', [0, 4], 0, [-1, -1])
(8, 28, 'floor', [0, 4], 0, [-1, -1])
(8, 29, 'floor', [0, 4], 0, [-1, -1])
(8, 30, 'floor', [0, 4], 0, [-1, -1])
(8, 31, 'floor', [0, 4], 0, [-1, -1])
(8, 32, 'floor', [0, 4], 0, [-1, -1])
(8, 33, 'floor', [0, 4], 0, [-1, -1])
(8, 34, 'floor', [0, 4], 0, [0, 4])
(8, 35, 'floor', [1, 4], 0, [0, 4])
(8, 36, 'floor', [0, 4], 0, [-1, -1])
(8, 37, 'floor', [0, 4], 0, [-1, -1])
(8, 38, 'floor', [0, 4], 0, [-1, -1])
(8, 39, 'floor', [0, 4], 0, [-1, -1])
(8, 40, 'floor', [0, 4], 0, [-1, -1])
(8, 41, 'floor', [0, 4], 0, [-1, -1])
(8, 42, 'floor', [0, 4], 0, [-1, -1])
(8, 43, 'wall', [3, 1], 0, [-1, -1])
(8, 44, 'wall', [0, 0], 0, [-1, -1])
(8, 45, 'wall', [0, 0], 0, [-1, -1])
(8, 46, 'wall', [0, 0], 0, [-1, -1])
(8, 47, 'wall', [1, 0], 0, [-1, -1])
(8, 48, 'wall', [2, 0], 0, [5, 1])
(8, 49, 'wall', [11, 4], 0, [-1, -1])
(8, 50, 'floor', [4, 4], 0, [2, 3])
(8, 51, 'floor', [2, 4], 0, [-1, -1])
(8, 52, 'floor', [0, 4], 0, [-1, -1])
(8, 53, 'floor', [0, 4], 0, [-1, -1])
(8, 54, 'floor', [0, 4], 0, [-1, -1])
(8, 55, 'floor', [1, 4], 0, [-1, -1])
(8, 56, 'floor', [0, 4], 0, [-1, -1])
(8, 57, 'floor', [0, 4], 0, [-1, -1])
(8, 58, 'floor', [2, 4], 0, [-1, -1])
(8, 59, 'floor', [2, 4], 0, [-1, -1])
(8, 60, 'wall', [9, 4], 0, [-1, -1])
(8, 61, 'wall', [2, 0], 0, [4, 1])
(8, 62, 'wall', [3, 0], 0, [-1, -1])
(8, 63, 'wall', [0, 0], 0, [-1, -1])
(8, 64, 'wall', [0, 0], 0, [-1, -1])
(8, 65, 'wall', [0, 0], 0, [-1, -1])
(8, 66, 'wall', [0, 0], 0, [-1, -1])
(8, 67, 'wall', [0, 0], 0, [-1, -1])
(8, 68, 'wall', [0, 0], 0, [-1, -1])
(8, 69, 'wall', [0, 0], 0, [-1, -1])
(8, 70, 'wall', [0, 0], 0, [-1, -1])
(8, 71, 'wall', [0, 0], 0, [-1, -1])
(9, 0, 'wall', [0, 0], 0, [-1, -1])
(9, 1, 'wall', [0, 0], 0, [-1, -1])
(9, 2, 'wall', [0, 0], 0, [-1, -1])
(9, 3, 'wall', [0, 0], 0, [-1, -1])
(9, 4, 'wall', [0, 0], 0, [-1, -1])
(9, 5, 'wall', [0, 0], 0, [-1, -1])
(9, 6, 'wall', [0, 0], 0, [-1, -1])
(9, 7, 'wall', [0, 0], 0, [-1, -1])
(9, 8, 'wall', [1, 2], 0, [-1, -1])
(9, 9, 'wall', [5, 0], 0, [-1, -1])
(9, 10, 'floor', [2, 4], 0, [0, 3])
(9, 11, 'floor', [0, 4], 0, [-1, -1])
(9, 12, 'floor', [0, 4], 0, [-1, -1])
(9, 13, 'floor', [0, 4], 0, [-1, -1])
(9, 14, 'floor', [0, 4], 0, [-1, -1])
(9, 15, 'floor', [0, 4], 0, [-1, -1])
(9, 16, 'floor', [0, 4], 0, [-1, -1])
(9, 17, 'floor', [0, 4], 0, [-1, -1])
(9, 18, 'floor', [0, 4], 0, [-1, -1])
(9, 19, 'wall', [4, 0], 0, [-1, -1])
(9, 20, 'wall', [3, 2], 0, [-1, -1])
(9, 21, 'wall', [0, 0], 0, [-1, -1])
(9, 22, 'wall', [0, 0], 0, [-1, -1])
(9, 23, 'wall', [0, 0], 0, [-1, -1])
(9, 24, 'wall', [0, 0], 0, [-1, -1])
(9, 25, 'wall', [1, 1], 0, [-1, -1])
(9, 26, 'floor', [2, 4], 0, [1, 3])
(9, 27, 'floor', [0, 4], 0, [-1, -1])
(9, 28, 'floor', [0, 4], 0, [-1, -1])
(9, 29, 'floor', [0, 4], 0, [-1, -1])
(9, 30, 'floor', [0, 4], 0, [-1, -1])
(9, 31, 'floor', [1, 4], 0, [-1, -1])
(9, 32, 'floor', [0, 4], 0, [-1, -1])
(9, 33, 'floor', [0, 4], 0, [-1, -1])
(9, 34, 'floor', [0, 4], 0, [-1, -1])
(9, 35, 'floor', [0, 4], 0, [-1, -1])
(9, 36, 'floor', [0, 4], 0, [-1, -1])
(9, 37, 'floor', [0, 4], 0, [-1, -1])
(9, 38, 'floor', [0, 4], 0, [-1, -1])
(9, 39, 'floor', [0, 4], 0, [-1, -1])
(9, 40, 'floor', [0, 4], 0, [-1, -1])
(9, 41, 'floor', [0, 4], 0, [-1, -1])
(9, 42, 'floor', [0, 4], 0, [-1, -1])
(9, 43, 'wall', [3, 1], 0, [-1, -1])
(9, 44, 'wall', [0, 0], 0, [-1, -1])
(9, 45, 'wall', [0, 0], 0, [-1, -1])
(9, 46, 'wall', [0, 0], 0, [-1, -1])
(9, 47, 'wall', [1, 1], 0, [-1, -1])
(9, 48, 'wall', [11, 4], 0, [-1, -1])
(9, 49, 'floor', [4, 4], 0, [2, 3])
(9, 50, 'floor', [0, 4], 0, [5, 4])
(9, 51, 'floor', [0, 4], 0, [-1, -1])
(9, 52, 'floor', [0, 4], 0, [-1, -1])
(9, 53, 'floor', [0, 4], 0, [-1, -1])
(9, 54, 'floor', [0, 4], 0, [-1, -1])
(9, 55, 'floor', [0, 4], 0, [-1, -1])
(9, 56, 'floor', [0, 4], 0, [-1, -1])
(9, 57, 'floor', [1, 4], 0, [-1, -1])
(9, 58, 'floor', [0, 4], 0, [-1, -1])
(9, 59, 'floor', [0, 4], 0, [-1, -1])
(9, 60, 'floor', [2, 4], 0, [-1, -1])
(9, 61, 'wall', [9, 4], 0, [-1, -1])
(9, 62, 'wall', [3, 1], 0, [-1, -1])
(9, 63, 'wall', [0, 0], 0, [-1, -1])
(9, 64, 'wall', [0, 0], 0, [-1, -1])
(9, 65, 'wall', [0, 0], 0, [-1, -1])
(9, 66, 'wall', [0, 0], 0, [-1, -1])
(9, 67, 'wall', [0, 0], 0, [-1, -1])
(9, 68, 'wall', [0, 0], 0, [-1, -1])
(9, 69, 'wall', [0, 0], 0, [-1, -1])
(9, 70, 'wall', [0, 0], 0, [-1, -1])
(9, 71, 'wall', [0, 0], 0, [-1, -1])
(10, 0, 'wall', [0, 0], 0, [-1, -1])
(10, 1, 'wall', [0, 0], 0, [-1, -1])
(10, 2, 'wall', [0, 0], 0, [-1, -1])
(10, 3, 'wall', [0, 0], 0, [-1, -1])
(10, 4, 'wall', [0, 0], 0, [-1, -1])
(10, 5, 'wall', [0, 0], 0, [-1, -1])
(10, 6, 'wall', [0, 0], 0, [-1, -1])
(10, 7, 'wall', [0, 0], 0, [-1, -1])
(10, 8, 'wall', [0, 0], 0, [-1, -1])
(10, 9, 'wall', [1, 2], 0, [-1, -1])
(10, 10, 'wall', [2, 2], 0, [-1, -1])
(10, 11, 'wall', [5, 0], 0, [-1, -1])
(10, 12, 'floor', [2, 4], 0, [0, 3])
(10, 13, 'floor', [0, 4], 0, [-1, -1])
(10, 14, 'floor', [0, 4], 0, [-1, -1])
(10, 15, 'floor', [0, 4], 0, [-1, -1])
(10, 16, 'floor', [0, 4], 0, [-1, -1])
(10, 17, 'wall', [4, 0], 0, [-1, -1])
(10, 18, 'wall', [2, 2], 0, [-1, -1])
(10, 19, 'wall', [3, 2], 0, [-1, -1])
(10, 20, 'wall', [0, 0], 0, [-1, -1])
(10, 21, 'wall', [0, 0], 0, [-1, -1])
(10, 22, 'wall', [0, 0], 0, [-1, -1])
(10, 23, 'wall', [0, 0], 0, [-1, -1])
(10, 24, 'wall', [0, 0], 0, [-1, -1])
(10, 25, 'wall', [1, 2], 0, [-1, -1])
(10, 26, 'wall', [2, 2], 0, [-1, -1])
(10, 27, 'wall', [2, 2], 0, [-1, -1])
(10, 28, 'wall', [5, 0], 0, [-1, -1])
(10, 29, 'floor', [2, 4], 0, [0, 3])
(10, 30, 'floor', [0, 4], 0, [-1, -1])
(10, 31, 'floor', [0, 4], 0, [-1, -1])
(10, 32, 'floor', [0, 4], 0, [-1, -1])
(10, 33, 'floor', [0, 4], 0, [-1, -1])
(10, 34, 'wall', [4, 0], 0, [-1, -1])
(10, 35, 'wall', [2, 2], 0, [-1, -1])
(10, 36, 'wall', [2, 2], 0, [-1, -1])
(10, 37, 'wall', [2, 2], 0, [-1, -1])
(10, 38, 'wall', [2, 2], 0, [-1, -1])
(10, 39, 'wall', [2, 2], 0, [-1, -1])
(10, 40, 'wall', [2, 2], 0, [-1, -1])
(10, 41, 'wall', [2, 2], 0, [-1, -1])
(10, 42, 'wall', [2, 2], 0, [-1, -1])
(10, 43, 'wall', [3, 2], 0, [-1, -1])
(10, 44, 'wall', [0, 0], 0, [-1, -1])
(10, 45, 'wall', [0, 0], 0, [-1, -1])
(10, 46, 'wall', [1, 0], 0, [-1, -1])
(10, 47, 'wall', [5, 1], 0, [-1, -1])
(10, 48, 'floor', [4, 4], 0, [2, 3])
(10, 49, 'floor', [0, 4], 0, [5, 4])
(10, 50, 'floor', [1, 4], 0, [-1, -1])
(10, 51, 'floor', [0, 4], 0, [-1, -1])
(10, 52, 'floor', [0, 4], 0, [-1, -1])
(10, 53, 'floor', [0, 4], 0, [-1, -1])
(10, 54, 'floor', [0, 4], 0, [-1, -1])
(10, 55, 'floor', [0, 4], 0, [-1, -1])
(10, 56, 'floor', [0, 4], 0, [-1, -1])
(10, 57, 'floor', [0, 4], 0, [-1, -1])
(10, 58, 'floor', [0, 4], 0, [-1, -1])
(10, 59, 'floor', [0, 4], 0, [-1, -1])
(10, 60, 'floor', [1, 4], 0, [-1, -1])
(10, 61, 'floor', [2, 4], 0, [-1, -1])
(10, 62, 'wall', [4, 1], 0, [-1, -1])
(10, 63, 'wall', [3, 0], 0, [-1, -1])
(10, 64, 'wall', [0, 0], 0, [-1, -1])
(10, 65, 'wall', [0, 0], 0, [-1, -1])
(10, 66, 'wall', [0, 0], 0, [-1, -1])
(10, 67, 'wall', [0, 0], 0, [-1, -1])
(10, 68, 'wall', [0, 0], 0, [-1, -1])
(10, 69, 'wall', [0, 0], 0, [-1, -1])
(10, 70, 'wall', [0, 0], 0, [-1, -1])
(10, 71, 'wall', [0, 0], 0, [-1, -1])
(11, 0, 'wall', [0, 0], 0, [-1, -1])
(11, 1, 'wall', [0, 0], 0, [-1, -1])
(11, 2, 'wall', [0, 0], 0, [-1, -1])
(11, 3, 'wall', [0, 0], 0, [-1, -1])
(11, 4, 'wall', [0, 0], 0, [-1, -1])
(11, 5, 'wall', [0, 0], 0, [-1, -1])
(11, 6, 'wall', [0, 0], 0, [-1, -1])
(11, 7, 'wall', [1, 0], 0, [-1, -1])
(11, 8, 'wall', [2, 0], 0, [-1, -1])
(11, 9, 'wall', [2, 0], 0, [-1, -1])
(11, 10, 'wall', [2, 0], 0, [6, 0])
(11, 11, 'wall', [5, 1], 0, [-1, -1])
(11, 12, 'floor', [2, 4], 0, [1, 3])
(11, 13, 'floor', [0, 4], 0, [-1, -1])
(11, 14, 'floor', [0, 4], 0, [-1, -1])
(11, 15, 'floor', [0, 4], 0, [-1, -1])
(11, 16, 'floor', [0, 4], 0, [-1, -1])
(11, 17, 'wall', [4, 1], 0, [-1, -1])
(11, 18, 'wall', [2, 0], 0, [-1, -1])
(11, 19, 'wall', [2, 0], 0, [-1, -1])
(11, 20, 'wall', [2, 0], 0, [-1, -1])
(11, 21, 'wall', [2, 0], 0, [6, 0])
(11, 22, 'wall', [2, 0], 0, [-1, -1])
(11, 23, 'wall', [2, 0], 0, [-1, -1])
(11, 24, 'wall', [2, 0], 0, [6, 0])
(11, 25, 'wall', [2, 0], 0, [-1, -1])
(11, 26, 'wall', [2, 0], 0, [-1, -1])
(11, 27, 'wall', [2, 0], 0, [-1, -1])
(11, 28, 'wall', [5, 1], 0, [-1, -1])
(11, 29, 'floor', [2, 4], 0, [0, 3])
(11, 30, 'floor', [0, 4], 0, [-1, -1])
(11, 31, 'floor', [0, 4], 0, [-1, -1])
(11, 32, 'floor', [0, 4], 0, [-1, -1])
(11, 33, 'floor', [0, 4], 0, [-1, -1])
(11, 34, 'wall', [4, 1], 0, [-1, -1])
(11, 35, 'wall', [2, 0], 0, [-1, -1])
(11, 36, 'wall', [2, 0], 0, [-1, -1])
(11, 37, 'wall', [2, 0], 0, [-1, -1])
(11, 38, 'wall', [2, 0], 0, [6, 0])
(11, 39, 'wall', [2, 0], 0, [-1, -1])
(11, 40, 'wall', [2, 0], 0, [-1, -1])
(11, 41, 'wall', [2, 0], 0, [-1, -1])
(11, 42, 'wall', [2, 0], 0, [6, 0])
(11, 43, 'wall', [2, 0], 0, [-1, -1])
(11, 44, 'wall', [2, 0], 0, [-1, -1])
(11, 45, 'wall', [2, 0], 0, [-1, -1])
(11, 46, 'wall', [2, 0], 0, [5, 1])
(11, 47, 'wall', [11, 4], 0, [-1, -1])
(11, 48, 'floor', [2, 4], 0, [1, 3])
(11, 49, 'floor', [0, 4], 0, [-1, -1])
(11, 50, 'floor', [0, 4], 0, [-1, -1])
(11, 51, 'floor', [0, 4], 0, [-1, -1])
(11, 52, 'floor', [1, 4], 0, [-1, -1])
(11, 53, 'floor', [0, 4], 0, [-1, -1])
(11, 54, 'floor', [0, 4], 0, [-1, -1])
(11, 55, 'floor', [0, 4], 0, [-1, -1])
(11, 56, 'floor', [0, 4], 0, [-1, -1])
(11, 57, 'floor', [0, 4], 0, [-1, -1])
(11, 58, 'floor', [0, 4], 0, [-1, -1])
(11, 59, 'floor', [0, 4], 0, [-1, -1])
(11, 60, 'floor', [0, 4], 0, [-1, -1])
(11, 61, 'floor', [0, 4], 0, [-1, -1])
(11, 62, 'wall', [9, 4], 0, [-1, -1])
(11, 63, 'wall', [2, 0], 0, [4, 1])
(11, 64, 'wall', [3, 0], 0, [-1, -1])
(11, 65, 'wall', [0, 0], 0, [-1, -1])
(11, 66, 'wall', [0, 0], 0, [-1, -1])
(11, 67, 'wall', [0, 0], 0, [-1, -1])
(11, 68, 'wall', [0, 0], 0, [-1, -1])
(11, 69, 'wall', [0, 0], 0, [-1, -1])
(11, 70, 'wall', [0, 0], 0, [-1, -1])
(11, 71, 'wall', [0, 0], 0, [-1, -1])
(12, 0, 'wall', [0, 0], 0, [-1, -1])
(12, 1, 'wall', [0, 0], 0, [-1, -1])
(12, 2, 'wall', [0, 0], 0, [-1, -1])
(12, 3, 'wall', [0, 0], 0, [-1, -1])
(12, 4, 'wall', [0, 0], 0, [-1, -1])
(12, 5, 'wall', [0, 0], 0, [-1, -1])
(12, 6, 'wall', [1, 0], 0, [-1, -1])
(12, 7, 'wall', [2, 0], 0, [5, 1])
(12, 8, 'wall', [4, 3], 0, [-1, -1])
(12, 9, 'wall', [4, 3], 0, [5, 2])
(12, 10, 'wall', [4, 3], 0, [6, 1])
(12, 11, 'wall', [11, 4], 0, [-1, -1])
(12, 12, 'floor', [2, 4], 0, [0, 3])
(12, 13, 'floor', [0, 4], 0, [-1, -1])
(12, 14, 'floor', [1, 4], 0, [0, 4])
(12, 15, 'floor', [0, 4], 0, [-1, -1])
(12, 16, 'floor', [0, 4], 0, [-1, -1])
(12, 17, 'wall', [9, 4], 0, [-1, -1])
(12, 18, 'wall', [4, 3], 0, [-1, -1])
(12, 19, 'wall', [4, 3], 0, [5, 2])
(12, 20, 'wall', [4, 3], 0, [-1, -1])
(12, 21, 'wall', [4, 3], 0, [6, 1])
(12, 22, 'wall', [4, 3], 0, [-1, -1])
(12, 23, 'wall', [4, 3], 0, [-1, -1])
(12, 24, 'wall', [4, 3], 0, [6, 1])
(12, 25, 'wall', [4, 3], 0, [-1, -1])
(12, 26, 'wall', [4, 3], 0, [5, 2])
(12, 27, 'wall', [4, 3], 0, [-1, -1])
(12, 28, 'wall', [11, 4], 0, [-1, -1])
(12, 29, 'floor', [2, 4], 0, [1, 3])
(12, 30, 'floor', [0, 4], 0, [-1, -1])
(12, 31, 'floor', [0, 4], 0, [-1, -1])
(12, 32, 'floor', [0, 4], 0, [-1, -1])
(12, 33, 'floor', [0, 4], 0, [-1, -1])
(12, 34, 'wall', [9, 4], 0, [-1, -1])
(12, 35, 'wall', [4, 3], 0, [-1, -1])
(12, 36, 'wall', [4, 3], 0, [5, 2])
(12, 37, 'wall', [4, 3], 0, [-1, -1])
(12, 38, 'wall', [4, 3], 0, [6, 1])
(12, 39, 'wall', [4, 3], 0, [-1, -1])
(12, 40, 'wall', [4, 3], 0, [5, 2])
(12, 41, 'wall', [4, 3], 0, [-1, -1])
(12, 42, 'wall', [4, 3], 0, [6, 1])
(12, 43, 'wall', [4, 3], 0, [-1, -1])
(12, 44, 'wall', [4, 3], 0, [5, 2])
(12, 45, 'wall', [4, 3], 0, [-1, -1])
(12, 46, 'wall', [11, 4], 0, [-1, -1])
(12, 47, 'floor', [4, 4], 0, [2, 3])
(12, 48, 'floor', [0, 4], 0, [-1, -1])
(12, 49, 'floor', [0, 4], 0, [-1, -1])
(12, 50, 'floor', [0, 4], 0, [-1, -1])
(12, 51, 'floor', [0, 4], 0, [-1, -1])
(12, 52, 'floor', [0, 4], 0, [-1, -1])
(12, 53, 'floor', [1, 4], 0, [-1, -1])
(12, 54, 'floor', [0, 4], 0, [-1, -1])
(12, 55, 'floor', [0, 4], 0, [-1, -1])
(12, 56, 'floor', [0, 4], 0, [-1, -1])
(12, 57, 'floor', [0, 4], 0, [-1, -1])
(12, 58, 'floor', [0, 4], 0, [-1, -1])
(12, 59, 'floor', [0, 4], 0, [-1, -1])
(12, 60, 'floor', [0, 4], 0, [-1, -1])
(12, 61, 'floor', [0, 4], 0, [-1, -1])
(12, 62, 'floor', [2, 4], 0, [-1, -1])
(12, 63, 'wall', [9, 4], 0, [-1, -1])
(12, 64, 'wall', [2, 0], 0, [4, 1])
(12, 65, 'wall', [2, 0], 0, [-1, -1])
(12, 66, 'wall', [2, 0], 0, [-1, -1])
(12, 67, 'wall', [2, 0], 0, [-1, -1])
(12, 68, 'wall', [2, 0], 0, [-1, -1])
(12, 69, 'wall', [3, 0], 0, [2, 0])
(12, 70, 'wall', [0, 0], 0, [2, 0])
(12, 71, 'wall', [0, 0], 0, [2, 0])
(13, 0, 'wall', [0, 0], 0, [-1, -1])
(13, 1, 'wall', [0, 0], 0, [-1, -1])
(13, 2, 'wall', [0, 0], 0, [-1, -1])
(13, 3, 'wall', [0, 0], 0, [-1, -1])
(13, 4, 'wall', [0, 0], 0, [-1, -1])
(13, 5, 'wall', [0, 0], 0, [-1, -1])
(13, 6, 'wall', [1, 1], 0, [-1, -1])
(13, 7, 'wall', [11, 4], 0, [-1, -1])
(13, 8, 'floor', [4, 4], 0, [2, 3])
(13, 9, 'floor', [2, 4], 0, [2, 4])
(13, 10, 'floor', [2, 4], 0, [6, 2])
(13, 11, 'floor', [2, 4], 0, [2, 4])
(13, 12, 'floor', [0, 4], 0, [5, 4])
(13, 13, 'floor', [1, 4], 0, [0, 4])
(13, 14, 'floor', [0, 4], 0, [-1, -1])
(13, 15, 'floor', [0, 4], 0, [-1, -1])
(13, 16, 'floor', [0, 4], 0, [-1, -1])
(13, 17, 'floor', [2, 4], 0, [-1, -1])
(13, 18, 'floor', [2, 4], 0, [-1, -1])
(13, 19, 'floor', [2, 4], 0, [-1, -1])
(13, 20, 'floor', [2, 4], 0, [-1, -1])
(13, 21, 'floor', [2, 4], 0, [6, 2])
(13, 22, 'floor', [2, 4], 0, [-1, -1])
(13, 23, 'floor', [2, 4], 0, [-1, -1])
(13, 24, 'floor', [2, 4], 0, [6, 2])
(13, 25, 'floor', [2, 4], 0, [-1, -1])
(13, 26, 'floor', [2, 4], 0, [-1, -1])
(13, 27, 'floor', [2, 4], 0, [-1, -1])
(13, 28, 'floor', [2, 4], 0, [-1, -1])
(13, 29, 'floor', [0, 4], 0, [5, 4])
(13, 30, 'floor', [0, 4], 0, [-1, -1])
(13, 31, 'floor', [0, 4], 0, [-1, -1])
(13, 32, 'floor', [0, 4], 0, [-1, -1])
(13, 33, 'floor', [0, 4], 0, [-1, -1])
(13, 34, 'floor', [2, 4], 0, [-1, -1])
(13, 35, 'floor', [2, 4], 0, [-1, -1])
(13, 36, 'floor', [2, 4], 0, [-1, -1])
(13, 37, 'floor', [2, 4], 0, [-1, -1])
(13, 38, 'floor', [2, 4], 0, [6, 2])
(13, 39, 'floor', [2, 4], 0, [-1, -1])
(13, 40, 'floor', [2, 4], 0, [-1, -1])
(13, 41, 'floor', [2, 4], 0, [-1, -1])
(13, 42, 'floor', [2, 4], 0, [6, 2])
(13, 43, 'floor', [2, 4], 0, [-1, -1])
(13, 44, 'floor', [2, 4], 0, [-1, -1])
(13, 45, 'floor', [2, 4], 0, [-1, -1])
(13, 46, 'floor', [2, 4], 0, [-1, -1])
(13, 47, 'floor', [0, 4], 0, [5, 4])
(13, 48, 'floor', [1, 4], 0, [-1, -1])
(13, 49, 'floor', [0, 4], 0, [-1, -1])
(13, 50, 'floor', [0, 4], 0, [-1, -1])
(13, 51, 'floor', [0, 4], 0, [-1, -1])
(13, 52, 'floor', [0, 4], 0, [-1, -1])
(13, 53, 'floor', [0, 4], 0, [-1, -1])
(13, 54, 'floor', [0, 4], 0, [-1, -1])
(13, 55, 'floor', [0, 4], 0, [-1, -1])
(13, 56, 'floor', [0, 4], 0, [-1, -1])
(13, 57, 'floor', [0, 4], 0, [-1, -1])
(13, 58, 'floor', [1, 4], 0, [-1, -1])
(13, 59, 'floor', [0, 4], 0, [-1, -1])
(13, 60, 'floor', [0, 4], 0, [-1, -1])
(13, 61, 'floor', [0, 4], 0, [-1, -1])
(13, 62, 'floor', [0, 4], 0, [-1, -1])
(13, 63, 'floor', [2, 4], 0, [-1, -1])
(13, 64, 'wall', [9, 4], 0, [-1, -1])
(13, 65, 'wall', [4, 3], 0, [5, 2])
(13, 66, 'wall', [4, 3], 0, [-1, -1])
(13, 67, 'wall', [4, 3], 0, [-1, -1])
(13, 68, 'wall', [4, 3], 0, [-1, -1])
(13, 69, 'wall', [3, 1], 0, [4, 3])
(13, 70, 'wall', [0, 0], 0, [5, 2])
(13, 71, 'wall', [0, 0], 0, [4, 3])
(14, 0, 'wall', [0, 0], 0, [-1, -1])
(14, 1, 'wall', [0, 0], 0, [-1, -1])
(14, 2, 'wall', [0, 0], 0, [-1, -1])
(14, 3, 'wall', [0, 0], 0, [-1, -1])
(14, 4, 'wall', [0, 0], 0, [-1, -1])
(14, 5, 'wall', [0, 0], 0, [-1, -1])
(14, 6, 'wall', [1, 1], 0, [-1, -1])
(14, 7, 'floor', [4, 4], 0, [2, 3])
(14, 8, 'floor', [0, 4], 0, [-1, -1])
(14, 9, 'floor', [0, 4], 0, [0, 4])
(14, 10, 'floor', [0, 4], 0, [0, 4])
(14, 11, 'floor', [0, 4], 0, [-1, -1])
(14, 12, 'floor', [0, 4], 0, [-1, -1])
(14, 13, 'floor', [1, 4], 0, [-1, -1])
(14, 14, 'floor', [0, 4], 0, [-1, -1])
(14, 15, 'floor', [0, 4], 0, [-1, -1])
(14, 16, 'floor', [0, 4], 0, [-1, -1])
(14, 17, 'floor', [0, 4], 0, [-1, -1])
(14, 18, 'floor', [0, 4], 0, [-1, -1])
(14, 19, 'floor', [0, 4], 0, [7, 5])
(14, 20, 'floor', [0, 4], 0, [8, 5])
(14, 21, 'floor', [0, 4], 0, [8, 5])
(14, 22, 'floor', [0, 4], 0, [8, 5])
(14, 23, 'floor', [1, 4], 0, [8, 5])
(14, 24, 'floor', [0, 4], 0, [8, 5])
(14, 25, 'floor', [0, 4], 0, [8, 5])
(14, 26, 'floor', [0, 4], 0, [9, 5])
(14, 27, 'floor', [0, 4], 0, [-1, -1])
(14, 28, 'floor', [0, 4], 0, [-1, -1])
(14, 29, 'floor', [0, 4], 0, [-1, -1])
(14, 30, 'floor', [0, 4], 0, [-1, -1])
(14, 31, 'floor', [0, 4], 0, [-1, -1])
(14, 32, 'floor', [0, 4], 0, [-1, -1])
(14, 33, 'floor', [1, 4], 0, [-1, -1])
(14, 34, 'floor', [0, 4], 0, [-1, -1])
(14, 35, 'floor', [0, 4], 0, [-1, -1])
(14, 36, 'floor', [0, 4], 0, [-1, -1])
(14, 37, 'floor', [0, 4], 0, [7, 5])
(14, 38, 'floor', [0, 4], 0, [8, 5])
(14, 39, 'floor', [0, 4], 0, [8, 5])
(14, 40, 'floor', [0, 4], 0, [8, 5])
(14, 41, 'floor', [0, 4], 0, [8, 5])
(14, 42, 'floor', [0, 4], 0, [8, 5])
(14, 43, 'floor', [1, 4], 0, [9, 5])
(14, 44, 'floor', [0, 4], 0, [-1, -1])
(14, 45, 'floor', [0, 4], 0, [-1, -1])
(14, 46, 'floor', [0, 4], 0, [-1, -1])
(14, 47, 'floor', [0, 4], 0, [-1, -1])
(14, 48, 'floor', [0, 4], 0, [-1, -1])
(14, 49, 'floor', [0, 4], 0, [-1, -1])
(14, 50, 'floor', [0, 4], 0, [-1, -1])
(14, 51, 'floor', [0, 4], 0, [-1, -1])
(14, 52, 'floor', [0, 4], 0, [-1, -1])
(14, 53, 'floor', [1, 4], 0, [-1, -1])
(14, 54, 'floor', [0, 4], 0, [-1, -1])
(14, 55, 'floor', [0, 4], 0, [-1, -1])
(14, 56, 'floor', [0, 4], 0, [-1, -1])
(14, 57, 'floor', [0, 4], 0, [-1, -1])
(14, 58, 'floor', [0, 4], 0, [-1, -1])
(14, 59, 'floor', [0, 4], 0, [-1, -1])
(14, 60, 'floor', [0, 4], 0, [-1, -1])
(14, 61, 'floor', [0, 4], 0, [-1, -1])
(14, 62, 'floor', [0, 4], 0, [-1, -1])
(14, 63, 'floor', [1, 4], 0, [-1, -1])
(14, 64, 'floor', [2, 4], 0, [1, 8])
(14, 65, 'floor', [2, 4], 0, [0, 8])
(14, 66, 'floor', [2, 4], 0, [2, 8])
(14, 67, 'floor', [2, 4], 0, [0, 8])
(14, 68, 'floor', [2, 4], 0, [3, 7])
(14, 69, 'wall', [3, 1], 0, [2, 4])
(14, 70, 'wall', [0, 0], 0, [3, 4])
(14, 71, 'wall', [0, 0], 0, [2, 4])
(15, 0, 'wall', [0, 0], 0, [-1, -1])
(15, 1, 'wall', [0, 0], 0, [-1, -1])
(15, 2, 'wall', [0, 0], 0, [-1, -1])
(15, 3, 'wall', [0, 0], 0, [-1, -1])
(15, 4, 'wall', [0, 0], 0, [-1, -1])
(15, 5, 'wall', [0, 0], 0, [-1, -1])
(15, 6, 'wall', [1, 1], 0, [-1, -1])
(15, 7, 'floor', [2, 4], 0, [0, 3])
(15, 8, 'floor', [0, 4], 0, [0, 4])
(15, 9, 'floor', [0, 4], 0, [0, 4])
(15, 10, 'floor', [0, 4], 0, [0, 4])
(15, 11, 'floor', [0, 4], 0, [-1, -1])
(15, 12, 'floor', [0, 4], 0, [-1, -1])
(15, 13, 'floor', [0, 4], 0, [-1, -1])
(15, 14, 'floor', [0, 4], 0, [-1, -1])
(15, 15, 'floor', [0, 4], 0, [-1, -1])
(15, 16, 'floor', [0, 4], 0, [-1, -1])
(15, 17, 'floor', [1, 4], 0, [0, 4])
(15, 18, 'floor', [0, 4], 0, [-1, -1])
(15, 19, 'floor', [0, 4], 0, [7, 6])
(15, 20, 'floor', [0, 4], 0, [8, 6])
(15, 21, 'floor', [0, 4], 0, [8, 6])
(15, 22, 'floor', [0, 4], 0, [8, 6])
(15, 23, 'floor', [0, 4], 0, [8, 6])
(15, 24, 'floor', [0, 4], 0, [8, 6])
(15, 25, 'floor', [0, 4], 0, [8, 6])
(15, 26, 'floor', [0, 4], 0, [9, 6])
(15, 27, 'floor', [1, 4], 0, [-1, -1])
(15, 28, 'floor', [0, 4], 0, [-1, -1])
(15, 29, 'floor', [0, 4], 0, [-1, -1])
(15, 30, 'floor', [0, 4], 0, [-1, -1])
(15, 31, 'floor', [0, 4], 0, [-1, -1])
(15, 32, 'floor', [0, 4], 0, [-1, -1])
(15, 33, 'floor', [0, 4], 0, [-1, -1])
(15, 34, 'floor', [0, 4], 0, [-1, -1])
(15, 35, 'floor', [0, 4], 0, [-1, -1])
(15, 36, 'floor', [0, 4], 0, [-1, -1])
(15, 37, 'floor', [1, 4], 0, [7, 6])
(15, 38, 'floor', [0, 4], 0, [8, 6])
(15, 39, 'floor', [0, 4], 0, [8, 6])
(15, 40, 'floor', [0, 4], 0, [8, 6])
(15, 41, 'floor', [0, 4], 0, [8, 6])
(15, 42, 'floor', [0, 4], 0, [8, 6])
(15, 43, 'floor', [0, 4], 0, [9, 6])
(15, 44, 'floor', [0, 4], 0, [-1, -1])
(15, 45, 'floor', [0, 4], 0, [-1, -1])
(15, 46, 'floor', [0, 4], 0, [-1, -1])
(15, 47, 'floor', [1, 4], 0, [-1, -1])
(15, 48, 'floor', [0, 4], 0, [-1, -1])
(15, 49, 'floor', [0, 4], 0, [-1, -1])
(15, 50, 'floor', [0, 4], 0, [-1, -1])
(15, 51, 'floor', [0, 4], 0, [-1, -1])
(15, 52, 'floor', [0, 4], 0, [-1, -1])
(15, 53, 'floor', [0, 4], 0, [-1, -1])
(15, 54, 'floor', [0, 4], 0, [-1, -1])
(15, 55, 'floor', [0, 4], 0, [-1, -1])
(15, 56, 'floor', [0, 4], 0, [-1, -1])
(15, 57, 'floor', [1, 4], 0, [-1, -1])
(15, 58, 'floor', [0, 4], 0, [-1, -1])
(15, 59, 'floor', [0, 4], 0, [-1, -1])
(15, 60, 'floor', [0, 4], 0, [-1, -1])
(15, 61, 'floor', [0, 4], 0, [-1, -1])
(15, 62, 'floor', [0, 4], 0, [-1, -1])
(15, 63, 'floor', [0, 4], 0, [-1, -1])
(15, 64, 'floor', [0, 4], 0, [6, 3])
(15, 65, 'floor', [0, 4], 0, [6, 3])
(15, 66, 'floor', [0, 4], 0, [6, 3])
(15, 67, 'floor', [1, 4], 0, [6, 3])
(15, 68, 'floor', [0, 4], 0, [0, 5])
(15, 69, 'wall', [3, 1], 0, [0, 4])
(15, 70, 'wall', [0, 0], 0, [6, 3])
(15, 71, 'wall', [0, 0], 0, [6, 3])
(16, 0, 'wall', [0, 0], 0, [-1, -1])
(16, 1, 'wall', [0, 0], 0, [-1, -1])
(16, 2, 'wall', [0, 0], 0, [-1, -1])
(16, 3, 'wall', [0, 0], 0, [-1, -1])
(16, 4, 'wall', [0, 0], 0, [-1, -1])
(16, 5, 'wall', [0, 0], 0, [-1, -1])
(16, 6, 'wall', [1, 1], 0, [-1, -1])
(16, 7, 'floor', [2, 4], 0, [0, 3])
(16, 8, 'floor', [0, 4], 0, [0, 4])
(16, 9, 'floor', [0, 4], 0, [0, 4])
(16, 10, 'floor', [0, 4], 0, [0, 4])
(16, 11, 'floor', [0, 4], 0, [-1, -1])
(16, 12, 'floor', [0, 4], 0, [-1, -1])
(16, 13, 'floor', [0, 4], 0, [-1, -1])
(16, 14, 'floor', [0, 4], 0, [-1, -1])
(16, 15, 'floor', [0, 4], 0, [-1, -1])
(16, 16, 'floor', [0, 4], 0, [-1, -1])
(16, 17, 'floor', [1, 4], 0, [0, 4])
(16, 18, 'floor', [0, 4], 0, [-1, -1])
(16, 19, 'floor', [0, 4], 0, [7, 7])
(16, 20, 'floor', [0, 4], 0, [8, 7])
(16, 21, 'floor', [0, 4], 0, [8, 7])
(16, 22, 'floor', [0, 4], 0, [8, 7])
(16, 23, 'floor', [0, 4], 0, [8, 7])
(16, 24, 'floor', [0, 4], 0, [8, 7])
(16, 25, 'floor', [0, 4], 0, [8, 7])
(16, 26, 'floor', [0, 4], 0, [9, 7])
(16, 27, 'floor', [1, 4], 0, [-1, -1])
(16, 28, 'floor', [0, 4], 0, [-1, -1])
(16, 29, 'floor', [0, 4], 0, [-1, -1])
(16, 30, 'floor', [0, 4], 0, [-1, -1])
(16, 31, 'floor', [0, 4], 0, [-1, -1])
(16, 32, 'floor', [0, 4], 0, [-1, -1])
(16, 33, 'floor', [0, 4], 0, [-1, -1])
(16, 34, 'floor', [0, 4], 0, [-1, -1])
(16, 35, 'floor', [0, 4], 0, [-1, -1])
(16, 36, 'floor', [0, 4], 0, [-1, -1])
(16, 37, 'floor', [1, 4], 0, [7, 7])
(16, 38, 'floor', [0, 4], 0, [8, 7])
(16, 39, 'floor', [0, 4], 0, [8, 7])
(16, 40, 'floor', [0, 4], 0, [8, 7])
(16, 41, 'floor', [0, 4], 0, [8, 7])
(16, 42, 'floor', [0, 4], 0, [8, 7])
(16, 43, 'floor', [0, 4], 0, [9, 7])
(16, 44, 'floor', [0, 4], 0, [-1, -1])
(16, 45, 'floor', [0, 4], 0, [-1, -1])
(16, 46, 'floor', [0, 4], 0, [-1, -1])
(16, 47, 'floor', [1, 4], 0, [-1, -1])
(16, 48, 'floor', [0, 4], 0, [-1, -1])
(16, 49, 'floor', [0, 4], 0, [-1, -1])
(16, 50, 'floor', [0, 4], 0, [-1, -1])
(16, 51, 'floor', [0, 4], 0, [-1, -1])
(16, 52, 'floor', [0, 4], 0, [-1, -1])
(16, 53, 'floor', [0, 4], 0, [-1, -1])
(16, 54, 'floor', [0, 4], 0, [-1, -1])
(16, 55, 'floor', [0, 4], 0, [-1, -1])
(16, 56, 'floor', [0, 4], 0, [-1, -1])
(16, 57, 'floor', [1, 4], 0, [-1, -1])
(16, 58, 'floor', [0, 4], 0, [-1, -1])
(16, 59, 'floor', [0, 4], 0, [-1, -1])
(16, 60, 'floor', [0, 4], 0, [-1, -1])
(16, 61, 'floor', [0, 4], 0, [-1, -1])
(16, 62, 'floor', [0, 4], 0, [-1, -1])
(16, 63, 'floor', [0, 4], 0, [-1, -1])
(16, 64, 'floor', [0, 4], 0, [3, 7])
(16, 65, 'floor', [0, 4], 0, [2, 8])
(16, 66, 'floor', [0, 4], 0, [0, 8])
(16, 67, 'floor', [0, 4], 0, [0, 7])
(16, 68, 'floor', [0, 4], 0, [1, 8])
(16, 69, 'wall', [3, 1], 0, [0, 4])
(16, 70, 'wall', [0, 0], 0, [0, 4])
(16, 71, 'wall', [0, 0], 0, [1, 4])
(17, 0, 'wall', [0, 0], 0, [-1, -1])
(17, 1, 'wall', [0, 0], 0, [-1, -1])
(17, 2, 'wall', [0, 0], 0, [-1, -1])
(17, 3, 'wall', [0, 0], 0, [-1, -1])
(17, 4, 'wall', [0, 0], 0, [-1, -1])
(17, 5, 'wall', [0, 0], 0, [-1, -1])
(17, 6, 'wall', [1, 2], 0, [-1, -1])
(17, 7, 'wall', [5, 0], 0, [-1, -1])
(17, 8, 'floor', [2, 4], 0, [0, 3])
(17, 9, 'floor', [0, 4], 0, [0, 4])
(17, 10, 'floor', [0, 4], 0, [0, 4])
(17, 11, 'floor', [0, 4], 0, [-1, -1])
(17, 12, 'floor', [0, 4], 0, [-1, -1])
(17, 13, 'floor', [0, 4], 0, [-1, -1])
(17, 14, 'floor', [0, 4], 0, [-1, -1])
(17, 15, 'floor', [1, 4], 0, [-1, -1])
(17, 16, 'floor', [0, 4], 0, [-1, -1])
(17, 17, 'floor', [0, 4], 0, [-1, -1])
(17, 18, 'floor', [0, 4], 0, [-1, -1])
(17, 19, 'floor', [0, 4], 0, [-1, -1])
(17, 20, 'floor', [0, 4], 0, [-1, -1])
(17, 21, 'floor', [0, 4], 0, [-1, -1])
(17, 22, 'floor', [0, 4], 0, [-1, -1])
(17, 23, 'floor', [0, 4], 0, [-1, -1])
(17, 24, 'floor', [0, 4], 0, [-1, -1])
(17, 25, 'floor', [0, 4], 0, [-1, -1])
(17, 26, 'floor', [0, 4], 0, [-1, -1])
(17, 27, 'floor', [0, 4], 0, [-1, -1])
(17, 28, 'floor', [0, 4], 0, [-1, -1])
(17, 29, 'floor', [0, 4], 0, [-1, -1])
(17, 30, 'floor', [0, 4], 0, [-1, -1])
(17, 31, 'floor', [0, 4], 0, [-1, -1])
(17, 32, 'floor', [0, 4], 0, [-1, -1])
(17, 33, 'floor', [0, 4], 0, [-1, -1])
(17, 34, 'floor', [0, 4], 0, [-1, -1])
(17, 35, 'floor', [0, 4], 0, [-1, -1])
(17, 36, 'floor', [0, 4], 0, [-1, -1])
(17, 37, 'floor', [0, 4], 0, [-1, -1])
(17, 38, 'floor', [0, 4], 0, [-1, -1])
(17, 39, 'floor', [0, 4], 0, [-1, -1])
(17, 40, 'floor', [0, 4], 0, [-1, -1])
(17, 41, 'floor', [0, 4], 0, [-1, -1])
(17, 42, 'floor', [0, 4], 0, [-1, -1])
(17, 43, 'floor', [0, 4], 0, [-1, -1])
(17, 44, 'floor', [0, 4], 0, [-1, -1])
(17, 45, 'floor', [0, 4], 0, [-1, -1])
(17, 46, 'floor', [0, 4], 0, [-1, -1])
(17, 47, 'floor', [0, 4], 0, [-1, -1])
(17, 48, 'floor', [0, 4], 0, [-1, -1])
(17, 49, 'floor', [0, 4], 0, [-1, -1])
(17, 50, 'floor', [1, 4], 0, [-1, -1])
(17, 51, 'floor', [0, 4], 0, [-1, -1])
(17, 52, 'floor', [0, 4], 0, [-1, -1])
(17, 53, 'floor', [0, 4], 0, [-1, -1])
(17, 54, 'floor', [0, 4], 0, [-1, -1])
(17, 55, 'floor', [0, 4], 0, [-1, -1])
(17, 56, 'floor', [0, 4], 0, [-1, -1])
(17, 57, 'floor', [0, 4], 0, [-1, -1])
(17, 58, 'floor', [0, 4], 0, [-1, -1])
(17, 59, 'floor', [0, 4], 0, [-1, -1])
(17, 60, 'floor', [1, 4], 0, [-1, -1])
(17, 61, 'floor', [0, 4], 0, [-1, -1])
(17, 62, 'floor', [0, 4], 0, [-1, -1])
(17, 63, 'floor', [0, 4], 0, [-1, -1])
(17, 64, 'wall', [4, 0], 0, [-1, -1])
(17, 65, 'wall', [2, 2], 0, [-1, -1])
(17, 66, 'wall', [2, 2], 0, [-1, -1])
(17, 67, 'wall', [2, 2], 0, [-1, -1])
(17, 68, 'wall', [2, 2], 0, [-1, -1])
(17, 69, 'wall', [3, 2], 2790, [2, 2])
(17, 70, 'wall', [0, 0], 2790, [2, 2])
(17, 71, 'wall', [0, 0], 2790, [2, 2])
(18, 0, 'wall', [0, 0], 0, [-1, -1])
(18, 1, 'wall', [0, 0], 0, [-1, -1])
(18, 2, 'wall', [0, 0], 0, [-1, -1])
(18, 3, 'wall', [0, 0], 0, [-1, -1])
(18, 4, 'wall', [0, 0], 0, [-1, -1])
(18, 5, 'wall', [0, 0], 0, [-1, -1])
(18, 6, 'wall', [0, 0], 0, [-1, -1])
(18, 7, 'wall', [1, 2], 0, [-1, -1])
(18, 8, 'wall', [2, 2], 0, [-1, -1])
(18, 9, 'wall', [2, 2], 0, [-1, -1])
(18, 10, 'wall', [2, 2], 0, [-1, -1])
(18, 11, 'wall', [5, 0], 0, [-1, -1])
(18, 12, 'floor', [2, 4], 0, [0, 3])
(18, 13, 'floor', [0, 4], 0, [-1, -1])
(18, 14, 'floor', [0, 4], 0, [-1, -1])
(18, 15, 'floor', [0, 4], 0, [-1, -1])
(18, 16, 'floor', [0, 4], 0, [-1, -1])
(18, 17, 'wall', [4, 0], 0, [-1, -1])
(18, 18, 'wall', [2, 2], 0, [-1, -1])
(18, 19, 'wall', [2, 2], 0, [-1, -1])
(18, 20, 'wall', [2, 2], 0, [-1, -1])
(18, 21, 'wall', [2, 2], 0, [-1, -1])
(18, 22, 'wall', [2, 2], 0, [-1, -1])
(18, 23, 'wall', [2, 2], 0, [-1, -1])
(18, 24, 'wall', [2, 2], 0, [-1, -1])
(18, 25, 'wall', [2, 2], 0, [-1, -1])
(18, 26, 'wall', [2, 2], 0, [-1, -1])
(18, 27, 'wall', [2, 2], 0, [-1, -1])
(18, 28, 'wall', [5, 0], 0, [-1, -1])
(18, 29, 'floor', [2, 4], 0, [0, 3])
(18, 30, 'floor', [0, 4], 0, [-1, -1])
(18, 31, 'floor', [0, 4], 0, [-1, -1])
(18, 32, 'floor', [0, 4], 0, [-1, -1])
(18, 33, 'floor', [0, 4], 0, [-1, -1])
(18, 34, 'wall', [4, 0], 0, [-1, -1])
(18, 35, 'wall', [2, 2], 0, [-1, -1])
(18, 36, 'wall', [2, 2], 0, [-1, -1])
(18, 37, 'wall', [2, 2], 0, [-1, -1])
(18, 38, 'wall', [2, 2], 0, [-1, -1])
(18, 39, 'wall', [2, 2], 0, [-1, -1])
(18, 40, 'wall', [2, 2], 0, [-1, -1])
(18, 41, 'wall', [2, 2], 0, [-1, -1])
(18, 42, 'wall', [2, 2], 0, [-1, -1])
(18, 43, 'wall', [2, 2], 0, [-1, -1])
(18, 44, 'wall', [2, 2], 0, [-1, -1])
(18, 45, 'wall', [2, 2], 0, [-1, -1])
(18, 46, 'wall', [5, 0], 0, [-1, -1])
(18, 47, 'floor', [2, 4], 0, [0, 3])
(18, 48, 'floor', [0, 4], 0, [-1, -1])
(18, 49, 'floor', [1, 4], 0, [-1, -1])
(18, 50, 'floor', [0, 4], 0, [-1, -1])
(18, 51, 'floor', [0, 4], 0, [-1, -1])
(18, 52, 'floor', [0, 4], 0, [-1, -1])
(18, 53, 'floor', [0, 4], 0, [-1, -1])
(18, 54, 'floor', [0, 4], 0, [-1, -1])
(18, 55, 'floor', [0, 4], 0, [-1, -1])
(18, 56, 'floor', [0, 4], 0, [-1, -1])
(18, 57, 'floor', [0, 4], 0, [-1, -1])
(18, 58, 'floor', [0, 4], 0, [-1, -1])
(18, 59, 'floor', [1, 4], 0, [-1, -1])
(18, 60, 'floor', [0, 4], 0, [-1, -1])
(18, 61, 'floor', [0, 4], 0, [-1, -1])
(18, 62, 'floor', [0, 4], 0, [-1, -1])
(18, 63, 'wall', [4, 0], 0, [-1, -1])
(18, 64, 'wall', [3, 2], 0, [-1, -1])
(18, 65, 'wall', [0, 0], 0, [-1, -1])
(18, 66, 'wall', [0, 0], 0, [-1, -1])
(18, 67, 'wall', [0, 0], 0, [-1, -1])
(18, 68, 'wall', [0, 0], 0, [-1, -1])
(18, 69, 'wall', [0, 0], 0, [-1, -1])
(18, 70, 'wall', [0, 0], 0, [-1, -1])
(18, 71, 'wall', [0, 0], 0, [-1, -1])
(19, 0, 'wall', [0, 0], 0, [-1, -1])
(19, 1, 'wall', [1, 0], 0, [-1, -1])
(19, 2, 'wall', [2, 0], 0, [-1, -1])
(19, 3, 'wall', [2, 0], 0, [-1, -1])
(19, 4, 'wall', [2, 0], 0, [-1, -1])
(19, 5, 'wall', [2, 0], 0, [-1, -1])
(19, 6, 'wall', [2, 0], 0, [-1, -1])
(19, 7, 'wall', [2, 0], 0, [-1, -1])
(19, 8, 'wall', [2, 0], 0, [-1, -1])
(19, 9, 'wall', [2, 0], 0, [-1, -1])
(19, 10, 'wall', [2, 0], 0, [-1, -1])
(19, 11, 'wall', [5, 1], 0, [-1, -1])
(19, 12, 'floor', [2, 4], 0, [0, 3])
(19, 13, 'floor', [0, 4], 0, [-1, -1])
(19, 14, 'floor', [0, 4], 0, [-1, -1])
(19, 15, 'floor', [0, 4], 0, [-1, -1])
(19, 16, 'floor', [0, 4], 0, [-1, -1])
(19, 17, 'wall', [4, 1], 0, [-1, -1])
(19, 18, 'wall', [2, 0], 0, [-1, -1])
(19, 19, 'wall', [2, 0], 0, [-1, -1])
(19, 20, 'wall', [2, 0], 0, [-1, -1])
(19, 21, 'wall', [3, 0], 0, [-1, -1])
(19, 22, 'wall', [0, 0], 0, [-1, -1])
(19, 23, 'wall', [0, 0], 0, [-1, -1])
(19, 24, 'wall', [1, 0], 0, [-1, -1])
(19, 25, 'wall', [2, 0], 0, [-1, -1])
(19, 26, 'wall', [2, 0], 0, [-1, -1])
(19, 27, 'wall', [2, 0], 0, [-1, -1])
(19, 28, 'wall', [5, 1], 0, [-1, -1])
(19, 29, 'floor', [2, 4], 0, [0, 3])
(19, 30, 'floor', [0, 4], 0, [-1, -1])
(19, 31, 'floor', [0, 4], 0, [-1, -1])
(19, 32, 'floor', [0, 4], 0, [-1, -1])
(19, 33, 'floor', [0, 4], 0, [-1, -1])
(19, 34, 'wall', [4, 1], 0, [-1, -1])
(19, 35, 'wall', [2, 0], 0, [-1, -1])
(19, 36, 'wall', [2, 0], 0, [-1, -1])
(19, 37, 'wall', [2, 0], 0, [-1, -1])
(19, 38, 'wall', [2, 0], 0, [-1, -1])
(19, 39, 'wall', [2, 0], 0, [-1, -1])
(19, 40, 'wall', [2, 0], 0, [-1, -1])
(19, 41, 'wall', [2, 0], 0, [-1, -1])
(19, 42, 'wall', [2, 0], 0, [-1, -1])
(19, 43, 'wall', [3, 0], 0, [-1, -1])
(19, 44, 'wall', [0, 0], 0, [-1, -1])
(19, 45, 'wall', [0, 0], 0, [-1, -1])
(19, 46, 'wall', [1, 2], 0, [-1, -1])
(19, 47, 'wall', [5, 0], 0, [-1, -1])
(19, 48, 'floor', [2, 4], 0, [0, 3])
(19, 49, 'floor', [0, 4], 0, [-1, -1])
(19, 50, 'floor', [1, 4], 0, [-1, -1])
(19, 51, 'floor', [0, 4], 0, [-1, -1])
(19, 52, 'floor', [0, 4], 0, [-1, -1])
(19, 53, 'floor', [0, 4], 0, [-1, -1])
(19, 54, 'floor', [0, 4], 0, [-1, -1])
(19, 55, 'floor', [0, 4], 0, [-1, -1])
(19, 56, 'floor', [0, 4], 0, [-1, -1])
(19, 57, 'floor', [0, 4], 0, [-1, -1])
(19, 58, 'floor', [0, 4], 0, [-1, -1])
(19, 59, 'floor', [0, 4], 0, [-1, -1])
(19, 60, 'floor', [1, 4], 0, [-1, -1])
(19, 61, 'floor', [0, 4], 0, [-1, -1])
(19, 62, 'wall', [4, 0], 0, [-1, -1])
(19, 63, 'wall', [3, 2], 0, [-1, -1])
(19, 64, 'wall', [0, 0], 0, [-1, -1])
(19, 65, 'wall', [0, 0], 0, [-1, -1])
(19, 66, 'wall', [0, 0], 0, [-1, -1])
(19, 67, 'wall', [0, 0], 0, [-1, -1])
(19, 68, 'wall', [0, 0], 0, [-1, -1])
(19, 69, 'wall', [0, 0], 0, [-1, -1])
(19, 70, 'wall', [0, 0], 0, [-1, -1])
(19, 71, 'wall', [0, 0], 0, [-1, -1])
(20, 0, 'wall', [0, 0], 0, [-1, -1])
(20, 1, 'wall', [1, 1], 0, [-1, -1])
(20, 2, 'wall', [4, 3], 0, [-1, -1])
(20, 3, 'wall', [4, 3], 0, [-1, -1])
(20, 4, 'wall', [4, 3], 0, [-1, -1])
(20, 5, 'wall', [4, 3], 0, [-1, -1])
(20, 6, 'wall', [4, 3], 0, [-1, -1])
(20, 7, 'wall', [4, 3], 0, [-1, -1])
(20, 8, 'wall', [4, 3], 0, [-1, -1])
(20, 9, 'wall', [4, 3], 0, [-1, -1])
(20, 10, 'wall', [4, 3], 0, [-1, -1])
(20, 11, 'wall', [11, 4], 0, [-1, -1])
(20, 12, 'floor', [2, 4], 0, [0, 3])
(20, 13, 'floor', [0, 4], 0, [-1, -1])
(20, 14, 'floor', [0, 4], 0, [-1, -1])
(20, 15, 'floor', [0, 4], 0, [-1, -1])
(20, 16, 'floor', [0, 4], 0, [-1, -1])
(20, 17, 'wall', [9, 4], 0, [-1, -1])
(20, 18, 'wall', [4, 3], 0, [-1, -1])
(20, 19, 'wall', [4, 3], 0, [-1, -1])
(20, 20, 'wall', [4, 3], 0, [-1, -1])
(20, 21, 'wall', [3, 1], 0, [-1, -1])
(20, 22, 'wall', [0, 0], 0, [-1, -1])
(20, 23, 'wall', [0, 0], 0, [-1, -1])
(20, 24, 'wall', [1, 1], 0, [-1, -1])
(20, 25, 'wall', [4, 3], 0, [-1, -1])
(20, 26, 'wall', [4, 3], 0, [-1, -1])
(20, 27, 'wall', [4, 3], 0, [-1, -1])
(20, 28, 'wall', [11, 4], 0, [-1, -1])
(20, 29, 'floor', [2, 4], 0, [1, 3])
(20, 30, 'floor', [0, 4], 0, [-1, -1])
(20, 31, 'floor', [0, 4], 0, [-1, -1])
(20, 32, 'floor', [0, 4], 0, [-1, -1])
(20, 33, 'floor', [0, 4], 0, [-1, -1])
(20, 34, 'wall', [9, 4], 0, [-1, -1])
(20, 35, 'wall', [4, 3], 0, [-1, -1])
(20, 36, 'wall', [4, 3], 0, [-1, -1])
(20, 37, 'wall', [4, 3], 0, [-1, -1])
(20, 38, 'wall', [4, 3], 0, [-1, -1])
(20, 39, 'wall', [4, 3], 0, [-1, -1])
(20, 40, 'wall', [4, 3], 0, [-1, -1])
(20, 41, 'wall', [4, 3], 0, [-1, -1])
(20, 42, 'wall', [4, 3], 0, [-1, -1])
(20, 43, 'wall', [3, 1], 0, [-1, -1])
(20, 44, 'wall', [0, 0], 0, [-1, -1])
(20, 45, 'wall', [0, 0], 0, [-1, -1])
(20, 46, 'wall', [0, 0], 0, [-1, -1])
(20, 47, 'wall', [1, 1], 0, [-1, -1])
(20, 48, 'floor', [2, 4], 0, [0, 3])
(20, 49, 'floor', [0, 4], 0, [-1, -1])
(20, 50, 'floor', [0, 4], 0, [-1, -1])
(20, 51, 'floor', [0, 4], 0, [-1, -1])
(20, 52, 'floor', [1, 4], 0, [-1, -1])
(20, 53, 'floor', [0, 4], 0, [-1, -1])
(20, 54, 'floor', [0, 4], 0, [-1, -1])
(20, 55, 'floor', [0, 4], 0, [-1, -1])
(20, 56, 'floor', [0, 4], 0, [-1, -1])
(20, 57, 'floor', [0, 4], 0, [-1, -1])
(20, 58, 'floor', [0, 4], 0, [-1, -1])
(20, 59, 'floor', [0, 4], 0, [-1, -1])
(20, 60, 'floor', [0, 4], 0, [-1, -1])
(20, 61, 'floor', [0, 4], 0, [-1, -1])
(20, 62, 'wall', [3, 1], 0, [-1, -1])
(20, 63, 'wall', [0, 0], 0, [-1, -1])
(20, 64, 'wall', [0, 0], 0, [-1, -1])
(20, 65, 'wall', [0, 0], 0, [-1, -1])
(20, 66, 'wall', [0, 0], 0, [-1, -1])
(20, 67, 'wall', [0, 0], 0, [-1, -1])
(20, 68, 'wall', [0, 0], 0, [-1, -1])
(20, 69, 'wall', [0, 0], 0, [-1, -1])
(20, 70, 'wall', [0, 0], 0, [-1, -1])
(20, 71, 'wall', [0, 0], 0, [-1, -1])
(21, 0, 'wall', [0, 0], 0, [-1, -1])
(21, 1, 'wall', [1, 1], 0, [-1, -1])
(21, 2, 'floor', [4, 4], 0, [2, 3])
(21, 3, 'floor', [2, 4], 0, [-1, -1])
(21, 4, 'floor', [2, 4], 0, [-1, -1])
(21, 5, 'floor', [2, 4], 0, [9, 0])
(21, 6, 'floor', [2, 4], 0, [-1, -1])
(21, 7, 'floor', [2, 4], 0, [-1, -1])
(21, 8, 'floor', [2, 4], 0, [-1, -1])
(21, 9, 'floor', [2, 4], 0, [-1, -1])
(21, 10, 'floor', [2, 4], 0, [-1, -1])
(21, 11, 'floor', [2, 4], 0, [-1, -1])
(21, 12, 'floor', [0, 4], 0, [5, 4])
(21, 13, 'floor', [1, 4], 0, [0, 4])
(21, 14, 'floor', [0, 4], 0, [-1, -1])
(21, 15, 'floor', [0, 4], 0, [-1, -1])
(21, 16, 'floor', [0, 4], 0, [-1, -1])
(21, 17, 'floor', [2, 4], 0, [-1, -1])
(21, 18, 'floor', [2, 4], 0, [-1, -1])
(21, 19, 'floor', [2, 4], 0, [-1, -1])
(21, 20, 'floor', [2, 4], 0, [-1, -1])
(21, 21, 'wall', [3, 1], 0, [-1, -1])
(21, 22, 'wall', [0, 0], 0, [-1, -1])
(21, 23, 'wall', [0, 0], 0, [-1, -1])
(21, 24, 'wall', [1, 1], 0, [-1, -1])
(21, 25, 'floor', [4, 4], 0, [2, 3])
(21, 26, 'floor', [2, 4], 0, [-1, -1])
(21, 27, 'floor', [2, 4], 0, [-1, -1])
(21, 28, 'floor', [2, 4], 0, [-1, -1])
(21, 29, 'floor', [0, 4], 0, [5, 4])
(21, 30, 'floor', [0, 4], 0, [-1, -1])
(21, 31, 'floor', [0, 4], 0, [-1, -1])
(21, 32, 'floor', [0, 4], 0, [-1, -1])
(21, 33, 'floor', [0, 4], 0, [-1, -1])
(21, 34, 'floor', [2, 4], 0, [-1, -1])
(21, 35, 'floor', [2, 4], 0, [-1, -1])
(21, 36, 'floor', [2, 4], 0, [-1, -1])
(21, 37, 'floor', [2, 4], 0, [-1, -1])
(21, 38, 'floor', [2, 4], 0, [-1, -1])
(21, 39, 'floor', [2, 4], 0, [-1, -1])
(21, 40, 'floor', [2, 4], 0, [-1, -1])
(21, 41, 'floor', [2, 4], 0, [-1, -1])
(21, 42, 'floor', [2, 4], 0, [-1, -1])
(21, 43, 'wall', [3, 1], 0, [-1, -1])
(21, 44, 'wall', [0, 0], 0, [-1, -1])
(21, 45, 'wall', [0, 0], 0, [-1, -1])
(21, 46, 'wall', [0, 0], 0, [-1, -1])
(21, 47, 'wall', [1, 2], 0, [-1, -1])
(21, 48, 'wall', [5, 0], 0, [-1, -1])
(21, 49, 'floor', [2, 4], 0, [0, 3])
(21, 50, 'floor', [0, 4], 0, [-1, -1])
(21, 51, 'floor', [1, 4], 0, [-1, -1])
(21, 52, 'floor', [0, 4], 0, [-1, -1])
(21, 53, 'floor', [0, 4], 0, [-1, -1])
(21, 54, 'floor', [0, 4], 0, [-1, -1])
(21, 55, 'floor', [0, 4], 0, [-1, -1])
(21, 56, 'floor', [0, 4], 0, [-1, -1])
(21, 57, 'floor', [0, 4], 0, [-1, -1])
(21, 58, 'floor', [0, 4], 0, [-1, -1])
(21, 59, 'floor', [0, 4], 0, [-1, -1])
(21, 60, 'floor', [0, 4], 0, [-1, -1])
(21, 61, 'wall', [4, 0], 0, [-1, -1])
(21, 62, 'wall', [3, 2], 0, [-1, -1])
(21, 63, 'wall', [0, 0], 0, [-1, -1])
(21, 64, 'wall', [0, 0], 0, [-1, -1])
(21, 65, 'wall', [0, 0], 0, [-1, -1])
(21, 66, 'wall', [0, 0], 0, [-1, -1])
(21, 67, 'wall', [0, 0], 0, [-1, -1])
(21, 68, 'wall', [0, 0], 0, [-1, -1])
(21, 69, 'wall', [0, 0], 0, [-1, -1])
(21, 70, 'wall', [0, 0], 0, [-1, -1])
(21, 71, 'wall', [0, 0], 0, [-1, -1])
(22, 0, 'wall', [0, 0], 0, [-1, -1])
(22, 1, 'wall', [1, 1], 0, [-1, -1])
(22, 2, 'floor', [2, 4], 0, [0, 3])
(22, 3, 'floor', [0, 4], 0, [7, 1])
(22, 4, 'floor', [1, 4], 0, [8, 1])
(22, 5, 'floor', [0, 4], 0, [9, 1])
(22, 6, 'floor', [0, 4], 0, [10, 1])
(22, 7, 'floor', [0, 4], 0, [11, 1])
(22, 8, 'floor', [0, 4], 0, [-1, -1])
(22, 9, 'floor', [0, 4], 0, [-1, -1])
(22, 10, 'floor', [0, 4], 0, [-1, -1])
(22, 11, 'floor', [0, 4], 0, [-1, -1])
(22, 12, 'floor', [0, 4], 0, [-1, -1])
(22, 13, 'floor', [0, 4], 0, [-1, -1])
(22, 14, 'floor', [1, 4], 0, [-1, -1])
(22, 15, 'floor', [0, 4], 0, [-1, -1])
(22, 16, 'floor', [0, 4], 0, [-1, -1])
(22, 17, 'floor', [0, 4], 0, [-1, -1])
(22, 18, 'floor', [0, 4], 0, [-1, -1])
(22, 19, 'floor', [0, 4], 0, [-1, -1])
(22, 20, 'floor', [0, 4], 0, [-1, -1])
(22, 21, 'wall', [3, 1], 0, [-1, -1])
(22, 22, 'wall', [0, 0], 0, [-1, -1])
(22, 23, 'wall', [0, 0], 0, [-1, -1])
(22, 24, 'wall', [1, 1], 0, [-1, -1])
(22, 25, 'floor', [2, 4], 0, [0, 3])
(22, 26, 'floor', [0, 4], 0, [-1, -1])
(22, 27, 'floor', [0, 4], 0, [-1, -1])
(22, 28, 'floor', [0, 4], 0, [-1, -1])
(22, 29, 'floor', [0, 4], 0, [-1, -1])
(22, 30, 'floor', [1, 4], 0, [-1, -1])
(22, 31, 'floor', [0, 4], 0, [-1, -1])
(22, 32, 'floor', [0, 4], 0, [-1, -1])
(22, 33, 'floor', [0, 4], 0, [-1, -1])
(22, 34, 'floor', [0, 4], 0, [-1, -1])
(22, 35, 'floor', [0, 4], 0, [-1, -1])
(22, 36, 'floor', [0, 4], 0, [-1, -1])
(22, 37, 'floor', [0, 4], 0, [-1, -1])
(22, 38, 'floor', [0, 4], 0, [-1, -1])
(22, 39, 'floor', [0, 4], 0, [-1, -1])
(22, 40, 'floor', [1, 4], 0, [-1, -1])
(22, 41, 'floor', [0, 4], 0, [-1, -1])
(22, 42, 'floor', [0, 4], 0, [-1, -1])
(22, 43, 'wall', [3, 1], 0, [-1, -1])
(22, 44, 'wall', [0, 0], 0, [-1, -1])
(22, 45, 'wall', [0, 0], 0, [-1, -1])
(22, 46, 'wall', [0, 0], 0, [-1, -1])
(22, 47, 'wall', [0, 0], 0, [-1, -1])
(22, 48, 'wall', [1, 2], 0, [-1, -1])
(22, 49, 'wall', [5, 0], 0, [-1, -1])
(22, 50, 'floor', [2, 4], 0, [1, 3])
(22, 51, 'floor', [0, 4], 0, [-1, -1])
(22, 52, 'floor', [0, 4], 0, [-1, -1])
(22, 53, 'floor', [0, 4], 0, [-1, -1])
(22, 54, 'floor', [0, 4], 0, [-1, -1])
(22, 55, 'floor', [0, 4], 0, [-1, -1])
(22, 56, 'floor', [0, 4], 0, [-1, -1])
(22, 57, 'floor', [0, 4], 0, [-1, -1])
(22, 58, 'floor', [0, 4], 0, [-1, -1])
(22, 59, 'floor', [0, 4], 0, [-1, -1])
(22, 60, 'wall', [4, 0], 0, [-1, -1])
(22, 61, 'wall', [3, 2], 0, [-1, -1])
(22, 62, 'wall', [0, 0], 0, [-1, -1])
(22, 63, 'wall', [0, 0], 0, [-1, -1])
(22, 64, 'wall', [0, 0], 0, [-1, -1])
(22, 65, 'wall', [0, 0], 0, [-1, -1])
(22, 66, 'wall', [0, 0], 0, [-1, -1])
(22, 67, 'wall', [0, 0], 0, [-1, -1])
(22, 68, 'wall', [0, 0], 0, [-1, -1])
(22, 69, 'wall', [0, 0], 0, [-1, -1])
(22, 70, 'wall', [0, 0], 0, [-1, -1])
(22, 71, 'wall', [0, 0], 0, [-1, -1])
(23, 0, 'wall', [0, 0], 0, [-1, -1])
(23, 1, 'wall', [1, 1], 0, [-1, -1])
(23, 2, 'floor', [2, 4], 0, [1, 3])
(23, 3, 'floor', [0, 4], 0, [-1, -1])
(23, 4, 'floor', [0, 4], 0, [8, 2])
(23, 5, 'floor', [1, 4], 0, [9, 2])
(23, 6, 'floor', [0, 4], 0, [10, 2])
(23, 7, 'floor', [0, 4], 0, [11, 2])
(23, 8, 'floor', [0, 4], 0, [-1, -1])
(23, 9, 'floor', [0, 4], 0, [-1, -1])
(23, 10, 'floor', [0, 4], 0, [-1, -1])
(23, 11, 'floor', [0, 4], 0, [-1, -1])
(23, 12, 'floor', [0, 4], 0, [-1, -1])
(23, 13, 'floor', [0, 4], 0, [-1, -1])
(23, 14, 'floor', [0, 4], 0, [-1, -1])
(23, 15, 'floor', [1, 4], 0, [0, 4])
(23, 16, 'floor', [0, 4], 0, [-1, -1])
(23, 17, 'floor', [0, 4], 0, [-1, -1])
(23, 18, 'floor', [0, 4], 0, [-1, -1])
(23, 19, 'floor', [0, 4], 0, [-1, -1])
(23, 20, 'floor', [0, 4], 0, [-1, -1])
(23, 21, 'wall', [3, 1], 0, [-1, -1])
(23, 22, 'wall', [0, 0], 0, [-1, -1])
(23, 23, 'wall', [0, 0], 0, [-1, -1])
(23, 24, 'wall', [1, 1], 0, [-1, -1])
(23, 25, 'floor', [2, 4], 0, [1, 3])
(23, 26, 'floor', [0, 4], 0, [-1, -1])
(23, 27, 'floor', [0, 4], 0, [-1, -1])
(23, 28, 'floor', [0, 4], 0, [-1, -1])
(23, 29, 'floor', [0, 4], 0, [-1, -1])
(23, 30, 'floor', [0, 4], 0, [-1, -1])
(23, 31, 'floor', [1, 4], 0, [-1, -1])
(23, 32, 'floor', [0, 4], 0, [-1, -1])
(23, 33, 'floor', [0, 4], 0, [-1, -1])
(23, 34, 'floor', [0, 4], 0, [-1, -1])
(23, 35, 'floor', [0, 4], 0, [-1, -1])
(23, 36, 'floor', [0, 4], 0, [-1, -1])
(23, 37, 'floor', [0, 4], 0, [-1, -1])
(23, 38, 'floor', [0, 4], 0, [-1, -1])
(23, 39, 'floor', [0, 4], 0, [-1, -1])
(23, 40, 'floor', [0, 4], 0, [-1, -1])
(23, 41, 'floor', [1, 4], 0, [-1, -1])
(23, 42, 'floor', [0, 4], 0, [-1, -1])
(23, 43, 'wall', [3, 1], 0, [-1, -1])
(23, 44, 'wall', [0, 0], 0, [-1, -1])
(23, 45, 'wall', [0, 0], 0, [-1, -1])
(23, 46, 'wall', [0, 0], 0, [-1, -1])
(23, 47, 'wall', [0, 0], 0, [-1, -1])
(23, 48, 'wall', [0, 0], 0, [-1, -1])
(23, 49, 'wall', [1, 2], 0, [-1, -1])
(23, 50, 'wall', [2, 2], 0, [-1, -1])
(23, 51, 'wall', [5, 0], 0, [-1, -1])
(23, 52, 'floor', [2, 4], 0, [0, 3])
(23, 53, 'floor', [0, 4], 0, [-1, -1])
(23, 54, 'floor', [0, 4], 0, [-1, -1])
(23, 55, 'floor', [0, 4], 0, [-1, -1])
(23, 56, 'floor', [0, 4], 0, [-1, -1])
(23, 57, 'floor', [0, 4], 0, [-1, -1])
(23, 58, 'wall', [4, 0], 0, [-1, -1])
(23, 59, 'wall', [2, 2], 0, [-1, -1])
(23, 60, 'wall', [3, 2], 0, [-1, -1])
(23, 61, 'wall', [0, 0], 0, [-1, -1])
(23, 62, 'wall', [0, 0], 0, [-1, -1])
(23, 63, 'wall', [0, 0], 0, [-1, -1])
(23, 64, 'wall', [0, 0], 0, [-1, -1])
(23, 65, 'wall', [0, 0], 0, [-1, -1])
(23, 66, 'wall', [0, 0], 0, [-1, -1])
(23, 67, 'wall', [0, 0], 0, [-1, -1])
(23, 68, 'wall', [0, 0], 0, [-1, -1])
(23, 69, 'wall', [0, 0], 0, [-1, -1])
(23, 70, 'wall', [0, 0], 0, [-1, -1])
(23, 71, 'wall', [0, 0], 0, [-1, -1])
(24, 0, 'wall', [0, 0], 0, [-1, -1])
(24, 1, 'wall', [1, 1], 0, [-1, -1])
(24, 2, 'floor', [2, 4], 0, [0, 3])
(24, 3, 'floor', [0, 4], 0, [-1, -1])
(24, 4, 'floor', [0, 4], 0, [-1, -1])
(24, 5, 'floor', [0, 4], 0, [9, 3])
(24, 6, 'floor', [0, 4], 0, [-1, -1])
(24, 7, 'floor', [0, 4], 0, [-1, -1])
(24, 8, 'floor', [0, 4], 0, [-1, -1])
(24, 9, 'floor', [0, 4], 0, [-1, -1])
(24, 10, 'floor', [0, 4], 0, [-1, -1])
(24, 11, 'floor', [0, 4], 0, [-1, -1])
(24, 12, 'floor', [1, 4], 0, [0, 4])
(24, 13, 'floor', [0, 4], 0, [-1, -1])
(24, 14, 'floor', [0, 4], 0, [-1, -1])
(24, 15, 'floor', [0, 4], 0, [-1, -1])
(24, 16, 'floor', [0, 4], 0, [-1, -1])
(24, 17, 'floor', [0, 4], 0, [-1, -1])
(24, 18, 'floor', [0, 4], 0, [-1, -1])
(24, 19, 'floor', [0, 4], 0, [-1, -1])
(24, 20, 'floor', [0, 4], 0, [-1, -1])
(24, 21, 'wall', [3, 1], 0, [-1, -1])
(24, 22, 'wall', [0, 0], 0, [-1, -1])
(24, 23, 'wall', [0, 0], 0, [-1, -1])
(24, 24, 'wall', [1, 1], 0, [-1, -1])
(24, 25, 'floor', [2, 4], 0, [0, 3])
(24, 26, 'floor', [0, 4], 0, [-1, -1])
(24, 27, 'floor', [0, 4], 0, [-1, -1])
(24, 28, 'floor', [1, 4], 0, [-1, -1])
(24, 29, 'floor', [0, 4], 0, [-1, -1])
(24, 30, 'floor', [0, 4], 0, [-1, -1])
(24, 31, 'floor', [0, 4], 0, [-1, -1])
(24, 32, 'floor', [0, 4], 0, [-1, -1])
(24, 33, 'floor', [0, 4], 0, [-1, -1])
(24, 34, 'floor', [0, 4], 0, [7, 5])
(24, 35, 'floor', [0, 4], 0, [8, 5])
(24, 36, 'floor', [0, 4], 0, [8, 5])
(24, 37, 'floor', [0, 4], 0, [8, 5])
(24, 38, 'floor', [1, 4], 0, [8, 5])
(24, 39, 'floor', [0, 4], 0, [8, 5])
(24, 40, 'floor', [0, 4], 0, [8, 5])
(24, 41, 'floor', [0, 4], 0, [8, 5])
(24, 42, 'floor', [0, 4], 0, [9, 5])
(24, 43, 'wall', [3, 1], 0, [-1, -1])
(24, 44, 'wall', [0, 0], 0, [-1, -1])
(24, 45, 'wall', [0, 0], 0, [-1, -1])
(24, 46, 'wall', [0, 0], 0, [-1, -1])
(24, 47, 'wall', [0, 0], 0, [-1, -1])
(24, 48, 'wall', [0, 0], 0, [-1, -1])
(24, 49, 'wall', [0, 0], 0, [-1, -1])
(24, 50, 'wall', [0, 0], 0, [-1, -1])
(24, 51, 'wall', [1, 2], 0, [-1, -1])
(24, 52, 'wall', [2, 2], 0, [-1, -1])
(24, 53, 'wall', [2, 2], 0, [-1, -1])
(24, 54, 'wall', [2, 2], 0, [-1, -1])
(24, 55, 'wall', [2, 2], 0, [-1, -1])
(24, 56, 'wall', [2, 2], 0, [-1, -1])
(24, 57, 'wall', [2, 2], 0, [-1, -1])
(24, 58, 'wall', [3, 2], 0, [-1, -1])
(24, 59, 'wall', [0, 0], 0, [-1, -1])
(24, 60, 'wall', [0, 0], 0, [-1, -1])
(24, 61, 'wall', [0, 0], 0, [-1, -1])
(24, 62, 'wall', [0, 0], 0, [-1, -1])
(24, 63, 'wall', [0, 0], 0, [-1, -1])
(24, 64, 'wall', [0, 0], 0, [-1, -1])
(24, 65, 'wall', [0, 0], 0, [-1, -1])
(24, 66, 'wall', [0, 0], 0, [-1, -1])
(24, 67, 'wall', [0, 0], 0, [-1, -1])
(24, 68, 'wall', [0, 0], 0, [-1, -1])
(24, 69, 'wall', [0, 0], 0, [-1, -1])
(24, 70, 'wall', [0, 0], 0, [-1, -1])
(24, 71, 'wall', [0, 0], 0, [-1, -1])
(25, 0, 'wall', [0, 0], 0, [-1, -1])
(25, 1, 'wall', [1, 1], 0, [-1, -1])
(25, 2, 'floor', [2, 4], 0, [0, 3])
(25, 3, 'floor', [0, 4], 0, [-1, -1])
(25, 4, 'floor', [0, 4], 0, [-1, -1])
(25, 5, 'floor', [0, 4], 0, [-1, -1])
(25, 6, 'floor', [0, 4], 0, [-1, -1])
(25, 7, 'floor', [0, 4], 0, [-1, -1])
(25, 8, 'floor', [0, 4], 0, [-1, -1])
(25, 9, 'floor', [1, 4], 0, [-1, -1])
(25, 10, 'floor', [0, 4], 0, [-1, -1])
(25, 11, 'floor', [0, 4], 0, [-1, -1])
(25, 12, 'floor', [0, 4], 0, [-1, -1])
(25, 13, 'floor', [0, 4], 0, [-1, -1])
(25, 14, 'floor', [0, 4], 0, [-1, -1])
(25, 15, 'floor', [0, 4], 0, [-1, -1])
(25, 16, 'floor', [0, 4], 0, [-1, -1])
(25, 17, 'floor', [0, 4], 0, [-1, -1])
(25, 18, 'floor', [0, 4], 0, [-1, -1])
(25, 19, 'floor', [1, 4], 0, [-1, -1])
(25, 20, 'floor', [0, 4], 0, [-1, -1])
(25, 21, 'wall', [3, 1], 0, [-1, -1])
(25, 22, 'wall', [0, 0], 0, [-1, -1])
(25, 23, 'wall', [0, 0], 0, [-1, -1])
(25, 24, 'wall', [1, 1], 0, [-1, -1])
(25, 25, 'floor', [2, 4], 0, [0, 3])
(25, 26, 'floor', [0, 4], 0, [-1, -1])
(25, 27, 'floor', [0, 4], 0, [-1, -1])
(25, 28, 'floor', [0, 4], 0, [-1, -1])
(25, 29, 'floor', [0, 4], 0, [-1, -1])
(25, 30, 'floor', [0, 4], 0, [-1, -1])
(25, 31, 'floor', [0, 4], 0, [-1, -1])
(25, 32, 'floor', [0, 4], 0, [-1, -1])
(25, 33, 'floor', [0, 4], 0, [-1, -1])
(25, 34, 'floor', [0, 4], 0, [7, 6])
(25, 35, 'floor', [1, 4], 0, [8, 6])
(25, 36, 'floor', [0, 4], 0, [8, 6])
(25, 37, 'floor', [0, 4], 0, [8, 6])
(25, 38, 'floor', [0, 4], 0, [8, 6])
(25, 39, 'floor', [0, 4], 0, [8, 6])
(25, 40, 'floor', [0, 4], 0, [8, 6])
(25, 41, 'floor', [0, 4], 0, [8, 6])
(25, 42, 'floor', [0, 4], 0, [9, 6])
(25, 43, 'wall', [3, 1], 0, [-1, -1])
(25, 44, 'wall', [0, 0], 0, [-1, -1])
(25, 45, 'wall', [0, 0], 0, [-1, -1])
(25, 46, 'wall', [0, 0], 0, [-1, -1])
(25, 47, 'wall', [0, 0], 0, [-1, -1])
(25, 48, 'wall', [0, 0], 0, [-1, -1])
(25, 49, 'wall', [0, 0], 0, [-1, -1])
(25, 50, 'wall', [0, 0], 0, [-1, -1])
(25, 51, 'wall', [0, 0], 0, [-1, -1])
(25, 52, 'wall', [0, 0], 0, [-1, -1])
(25, 53, 'wall', [0, 0], 0, [-1, -1])
(25, 54, 'wall', [0, 0], 0, [-1, -1])
(25, 55, 'wall', [0, 0], 0, [-1, -1])
(25, 56, 'wall', [0, 0], 0, [-1, -1])
(25, 57, 'wall', [0, 0], 0, [-1, -1])
(25, 58, 'wall', [0, 0], 0, [-1, -1])
(25, 59, 'wall', [0, 0], 0, [-1, -1])
(25, 60, 'wall', [0, 0], 0, [-1, -1])
(25, 61, 'wall', [0, 0], 0, [-1, -1])
(25, 62, 'wall', [0, 0], 0, [-1, -1])
(25, 63, 'wall', [0, 0], 0, [-1, -1])
(25, 64, 'wall', [0, 0], 0, [-1, -1])
(25, 65, 'wall', [0, 0], 0, [-1, -1])
(25, 66, 'wall', [0, 0], 0, [-1, -1])
(25, 67, 'wall', [0, 0], 0, [-1, -1])
(25, 68, 'wall', [0, 0], 0, [-1, -1])
(25, 69, 'wall', [0, 0], 0, [-1, -1])
(25, 70, 'wall', [0, 0], 0, [-1, -1])
(25, 71, 'wall', [0, 0], 0, [-1, -1])
(26, 0, 'wall', [0, 0], 0, [-1, -1])
(26, 1, 'wall', [1, 1], 0, [-1, -1])
(26, 2, 'floor', [2, 4], 0, [0, 3])
(26, 3, 'floor', [0, 4], 0, [-1, -1])
(26, 4, 'floor', [0, 4], 0, [-1, -1])
(26, 5, 'floor', [0, 4], 0, [-1, -1])
(26, 6, 'floor', [1, 4], 0, [-1, -1])
(26, 7, 'floor', [0, 4], 0, [-1, -1])
(26, 8, 'floor', [0, 4], 0, [-1, -1])
(26, 9, 'floor', [0, 4], 0, [-1, -1])
(26, 10, 'floor', [0, 4], 0, [-1, -1])
(26, 11, 'floor', [0, 4], 0, [-1, -1])
(26, 12, 'floor', [0, 4], 0, [-1, -1])
(26, 13, 'floor', [0, 4], 0, [-1, -1])
(26, 14, 'floor', [0, 4], 0, [-1, -1])
(26, 15, 'floor', [0, 4], 0, [-1, -1])
(26, 16, 'floor', [1, 4], 0, [0, 4])
(26, 17, 'floor', [0, 4], 0, [-1, -1])
(26, 18, 'floor', [0, 4], 0, [-1, -1])
(26, 19, 'floor', [0, 4], 0, [-1, -1])
(26, 20, 'floor', [0, 4], 0, [-1, -1])
(26, 21, 'wall', [3, 1], 0, [-1, -1])
(26, 22, 'wall', [0, 0], 0, [-1, -1])
(26, 23, 'wall', [0, 0], 0, [-1, -1])
(26, 24, 'wall', [1, 1], 0, [-1, -1])
(26, 25, 'floor', [2, 4], 0, [0, 3])
(26, 26, 'floor', [0, 4], 0, [-1, -1])
(26, 27, 'floor', [0, 4], 0, [-1, -1])
(26, 28, 'floor', [0, 4], 0, [-1, -1])
(26, 29, 'floor', [0, 4], 0, [-1, -1])
(26, 30, 'floor', [0, 4], 0, [-1, -1])
(26, 31, 'floor', [0, 4], 0, [-1, -1])
(26, 32, 'floor', [1, 4], 0, [-1, -1])
(26, 33, 'floor', [0, 4], 0, [-1, -1])
(26, 34, 'floor', [0, 4], 0, [7, 6])
(26, 35, 'floor', [0, 4], 0, [8, 6])
(26, 36, 'floor', [0, 4], 0, [8, 6])
(26, 37, 'floor', [0, 4], 0, [8, 6])
(26, 38, 'floor', [0, 4], 0, [8, 6])
(26, 39, 'floor', [0, 4], 0, [8, 6])
(26, 40, 'floor', [0, 4], 0, [8, 6])
(26, 41, 'floor', [0, 4], 0, [8, 6])
(26, 42, 'floor', [0, 4], 0, [9, 6])
(26, 43, 'wall', [3, 1], 0, [-1, -1])
(26, 44, 'wall', [0, 0], 0, [-1, -1])
(26, 45, 'wall', [0, 0], 0, [-1, -1])
(26, 46, 'wall', [0, 0], 0, [-1, -1])
(26, 47, 'wall', [0, 0], 0, [-1, -1])
(26, 48, 'wall', [0, 0], 0, [-1, -1])
(26, 49, 'wall', [0, 0], 0, [-1, -1])
(26, 50, 'wall', [0, 0], 0, [-1, -1])
(26, 51, 'wall', [0, 0], 0, [-1, -1])
(26, 52, 'wall', [0, 0], 0, [-1, -1])
(26, 53, 'wall', [0, 0], 0, [-1, -1])
(26, 54, 'wall', [0, 0], 0, [-1, -1])
(26, 55, 'wall', [0, 0], 0, [-1, -1])
(26, 56, 'wall', [0, 0], 0, [-1, -1])
(26, 57, 'wall', [0, 0], 0, [-1, -1])
(26, 58, 'wall', [0, 0], 0, [-1, -1])
(26, 59, 'wall', [0, 0], 0, [-1, -1])
(26, 60, 'wall', [0, 0], 0, [-1, -1])
(26, 61, 'wall', [0, 0], 0, [-1, -1])
(26, 62, 'wall', [0, 0], 0, [-1, -1])
(26, 63, 'wall', [0, 0], 0, [-1, -1])
(26, 64, 'wall', [0, 0], 0, [-1, -1])
(26, 65, 'wall', [0, 0], 0, [-1, -1])
(26, 66, 'wall', [0, 0], 0, [-1, -1])
(26, 67, 'wall', [0, 0], 0, [-1, -1])
(26, 68, 'wall', [0, 0], 0, [-1, -1])
(26, 69, 'wall', [0, 0], 0, [-1, -1])
(26, 70, 'wall', [0, 0], 0, [-1, -1])
(26, 71, 'wall', [0, 0], 0, [-1, -1])
(27, 0, 'wall', [0, 0], 0, [-1, -1])
(27, 1, 'wall', [1, 1], 0, [-1, -1])
(27, 2, 'floor', [2, 4], 0, [1, 3])
(27, 3, 'floor', [1, 4], 0, [0, 4])
(27, 4, 'floor', [0, 4], 0, [-1, -1])
(27, 5, 'floor', [0, 4], 0, [-1, -1])
(27, 6, 'floor', [0, 4], 0, [-1, -1])
(27, 7, 'floor', [0, 4], 0, [-1, -1])
(27, 8, 'floor', [0, 4], 0, [-1, -1])
(27, 9, 'floor', [0, 4], 0, [-1, -1])
(27, 10, 'floor', [0, 4], 0, [-1, -1])
(27, 11, 'floor', [0, 4], 0, [-1, -1])
(27, 12, 'floor', [0, 4], 0, [-1, -1])
(27, 13, 'floor', [1, 4], 0, [-1, -1])
(27, 14, 'floor', [0, 4], 0, [-1, -1])
(27, 15, 'floor', [0, 4], 0, [-1, -1])
(27, 16, 'floor', [0, 4], 0, [-1, -1])
(27, 17, 'floor', [0, 4], 0, [-1, -1])
(27, 18, 'floor', [0, 4], 0, [-1, -1])
(27, 19, 'floor', [0, 4], 0, [-1, -1])
(27, 20, 'floor', [0, 4], 0, [-1, -1])
(27, 21, 'wall', [3, 1], 0, [-1, -1])
(27, 22, 'wall', [0, 0], 0, [-1, -1])
(27, 23, 'wall', [0, 0], 0, [-1, -1])
(27, 24, 'wall', [1, 1], 0, [-1, -1])
(27, 25, 'floor', [2, 4], 0, [0, 3])
(27, 26, 'floor', [0, 4], 0, [-1, -1])
(27, 27, 'floor', [0, 4], 0, [-1, -1])
(27, 28, 'floor', [0, 4], 0, [-1, -1])
(27, 29, 'floor', [1, 4], 0, [-1, -1])
(27, 30, 'floor', [0, 4], 0, [-1, -1])
(27, 31, 'floor', [0, 4], 0, [-1, -1])
(27, 32, 'floor', [0, 4], 0, [-1, -1])
(27, 33, 'floor', [0, 4], 0, [-1, -1])
(27, 34, 'floor', [0, 4], 0, [7, 6])
(27, 35, 'floor', [0, 4], 0, [8, 6])
(27, 36, 'floor', [0, 4], 0, [8, 6])
(27, 37, 'floor', [0, 4], 0, [8, 6])
(27, 38, 'floor', [0, 4], 0, [8, 6])
(27, 39, 'floor', [1, 4], 0, [8, 6])
(27, 40, 'floor', [0, 4], 0, [8, 6])
(27, 41, 'floor', [0, 4], 0, [8, 6])
(27, 42, 'floor', [0, 4], 0, [9, 6])
(27, 43, 'wall', [3, 1], 0, [-1, -1])
(27, 44, 'wall', [0, 0], 0, [-1, -1])
(27, 45, 'wall', [0, 0], 0, [-1, -1])
(27, 46, 'wall', [0, 0], 0, [-1, -1])
(27, 47, 'wall', [0, 0], 0, [-1, -1])
(27, 48, 'wall', [0, 0], 0, [-1, -1])
(27, 49, 'wall', [0, 0], 0, [-1, -1])
(27, 50, 'wall', [0, 0], 0, [-1, -1])
(27, 51, 'wall', [0, 0], 0, [-1, -1])
(27, 52, 'wall', [0, 0], 0, [-1, -1])
(27, 53, 'wall', [0, 0], 0, [-1, -1])
(27, 54, 'wall', [0, 0], 0, [-1, -1])
(27, 55, 'wall', [0, 0], 0, [-1, -1])
(27, 56, 'wall', [0, 0], 0, [-1, -1])
(27, 57, 'wall', [0, 0], 0, [-1, -1])
(27, 58, 'wall', [0, 0], 0, [-1, -1])
(27, 59, 'wall', [0, 0], 0, [-1, -1])
(27, 60, 'wall', [0, 0], 0, [-1, -1])
(27, 61, 'wall', [0, 0], 0, [-1, -1])
(27, 62, 'wall', [0, 0], 0, [-1, -1])
(27, 63, 'wall', [0, 0], 0, [-1, -1])
(27, 64, 'wall', [0, 0], 0, [-1, -1])
(27, 65, 'wall', [0, 0], 0, [-1, -1])
(27, 66, 'wall', [0, 0], 0, [-1, -1])
(27, 67, 'wall', [0, 0], 0, [-1, -1])
(27, 68, 'wall', [0, 0], 0, [-1, -1])
(27, 69, 'wall', [0, 0], 0, [-1, -1])
(27, 70, 'wall', [0, 0], 0, [-1, -1])
(27, 71, 'wall', [0, 0], 0, [-1, -1])
(28, 0, 'wall', [0, 0], 0, [-1, -1])
(28, 1, 'wall', [1, 1], 0, [-1, -1])
(28, 2, 'floor', [2, 4], 0, [0, 3])
(28, 3, 'floor', [0, 4], 0, [-1, -1])
(28, 4, 'floor', [0, 4], 0, [-1, -1])
(28, 5, 'floor', [0, 4], 0, [-1, -1])
(28, 6, 'floor', [0, 4], 0, [-1, -1])
(28, 7, 'floor', [0, 4], 0, [-1, -1])
(28, 8, 'floor', [0, 4], 0, [-1, -1])
(28, 9, 'floor', [0, 4], 0, [-1, -1])
(28, 10, 'floor', [0, 4], 0, [-1, -1])
(28, 11, 'floor', [0, 4], 0, [-1, -1])
(28, 12, 'floor', [0, 4], 0, [-1, -1])
(28, 13, 'floor', [0, 4], 0, [-1, -1])
(28, 14, 'floor', [0, 4], 0, [-1, -1])
(28, 15, 'floor', [0, 4], 0, [-1, -1])
(28, 16, 'floor', [0, 4], 0, [-1, -1])
(28, 17, 'floor', [0, 4], 0, [-1, -1])
(28, 18, 'floor', [0, 4], 0, [-1, -1])
(28, 19, 'floor', [0, 4], 0, [-1, -1])
(28, 20, 'floor', [0, 4], 0, [-1, -1])
(28, 21, 'wall', [3, 1], 0, [-1, -1])
(28, 22, 'wall', [0, 0], 0, [-1, -1])
(28, 23, 'wall', [0, 0], 0, [-1, -1])
(28, 24, 'wall', [1, 1], 0, [-1, -1])
(28, 25, 'floor', [2, 4], 0, [0, 3])
(28, 26, 'floor', [0, 4], 0, [-1, -1])
(28, 27, 'floor', [0, 4], 0, [-1, -1])
(28, 28, 'floor', [0, 4], 0, [-1, -1])
(28, 29, 'floor', [0, 4], 0, [-1, -1])
(28, 30, 'floor', [0, 4], 0, [-1, -1])
(28, 31, 'floor', [0, 4], 0, [-1, -1])
(28, 32, 'floor', [0, 4], 0, [-1, -1])
(28, 33, 'floor', [0, 4], 0, [-1, -1])
(28, 34, 'floor', [0, 4], 0, [7, 7])
(28, 35, 'floor', [0, 4], 0, [8, 7])
(28, 36, 'floor', [0, 4], 0, [8, 7])
(28, 37, 'floor', [0, 4], 0, [8, 7])
(28, 38, 'floor', [0, 4], 0, [8, 7])
(28, 39, 'floor', [0, 4], 0, [8, 7])
(28, 40, 'floor', [0, 4], 0, [8, 7])
(28, 41, 'floor', [0, 4], 0, [8, 7])
(28, 42, 'floor', [0, 4], 0, [9, 7])
(28, 43, 'wall', [3, 1], 0, [-1, -1])
(28, 44, 'wall', [0, 0], 0, [-1, -1])
(28, 45, 'wall', [0, 0], 0, [-1, -1])
(28, 46, 'wall', [0, 0], 0, [-1, -1])
(28, 47, 'wall', [0, 0], 0, [-1, -1])
(28, 48, 'wall', [0, 0], 0, [-1, -1])
(28, 49, 'wall', [0, 0], 0, [-1, -1])
(28, 50, 'wall', [0, 0], 0, [-1, -1])
(28, 51, 'wall', [0, 0], 0, [-1, -1])
(28, 52, 'wall', [0, 0], 0, [-1, -1])
(28, 53, 'wall', [0, 0], 0, [-1, -1])
(28, 54, 'wall', [0, 0], 0, [-1, -1])
(28, 55, 'wall', [0, 0], 0, [-1, -1])
(28, 56, 'wall', [0, 0], 0, [-1, -1])
(28, 57, 'wall', [0, 0], 0, [-1, -1])
(28, 58, 'wall', [0, 0], 0, [-1, -1])
(28, 59, 'wall', [0, 0], 0, [-1, -1])
(28, 60, 'wall', [0, 0], 0, [-1, -1])
(28, 61, 'wall', [0, 0], 0, [-1, -1])
(28, 62, 'wall', [0, 0], 0, [-1, -1])
(28, 63, 'wall', [0, 0], 0, [-1, -1])
(28, 64, 'wall', [0, 0], 0, [-1, -1])
(28, 65, 'wall', [0, 0], 0, [-1, -1])
(28, 66, 'wall', [0, 0], 0, [-1, -1])
(28, 67, 'wall', [0, 0], 0, [-1, -1])
(28, 68, 'wall', [0, 0], 0, [-1, -1])
(28, 69, 'wall', [0, 0], 0, [-1, -1])
(28, 70, 'wall', [0, 0], 0, [-1, -1])
(28, 71, 'wall', [0, 0], 0, [-1, -1])
(29, 0, 'wall', [0, 0], 0, [-1, -1])
(29, 1, 'wall', [1, 2], 0, [-1, -1])
(29, 2, 'wall', [2, 2], 0, [-1, -1])
(29, 3, 'wall', [2, 2], 0, [-1, -1])
(29, 4, 'wall', [2, 2], 0, [-1, -1])
(29, 5, 'wall', [2, 2], 0, [-1, -1])
(29, 6, 'wall', [2, 2], 0, [-1, -1])
(29, 7, 'wall', [2, 2], 0, [-1, -1])
(29, 8, 'wall', [2, 2], 0, [-1, -1])
(29, 9, 'wall', [2, 2], 0, [-1, -1])
(29, 10, 'wall', [2, 2], 0, [-1, -1])
(29, 11, 'wall', [2, 2], 0, [-1, -1])
(29, 12, 'wall', [2, 2], 0, [-1, -1])
(29, 13, 'wall', [2, 2], 0, [-1, -1])
(29, 14, 'wall', [2, 2], 0, [-1, -1])
(29, 15, 'wall', [2, 2], 0, [-1, -1])
(29, 16, 'wall', [2, 2], 0, [-1, -1])
(29, 17, 'wall', [2, 2], 0, [-1, -1])
(29, 18, 'wall', [2, 2], 0, [-1, -1])
(29, 19, 'wall', [2, 2], 0, [-1, -1])
(29, 20, 'wall', [2, 2], 0, [-1, -1])
(29, 21, 'wall', [3, 2], 0, [-1, -1])
(29, 22, 'wall', [0, 0], 0, [-1, -1])
(29, 23, 'wall', [0, 0], 0, [-1, -1])
(29, 24, 'wall', [1, 2], 0, [-1, -1])
(29, 25, 'wall', [2, 2], 0, [-1, -1])
(29, 26, 'wall', [2, 2], 0, [-1, -1])
(29, 27, 'wall', [2, 2], 0, [-1, -1])
(29, 28, 'wall', [2, 2], 0, [-1, -1])
(29, 29, 'wall', [2, 2], 0, [-1, -1])
(29, 30, 'wall', [2, 2], 0, [-1, -1])
(29, 31, 'wall', [2, 2], 0, [-1, -1])
(29, 32, 'wall', [2, 2], 0, [-1, -1])
(29, 33, 'wall', [2, 2], 0, [-1, -1])
(29, 34, 'wall', [2, 2], 0, [-1, -1])
(29, 35, 'wall', [2, 2], 0, [-1, -1])
(29, 36, 'wall', [2, 2], 0, [-1, -1])
(29, 37, 'wall', [2, 2], 0, [-1, -1])
(29, 38, 'wall', [2, 2], 0, [-1, -1])
(29, 39, 'wall', [2, 2], 0, [-1, -1])
(29, 40, 'wall', [2, 2], 0, [-1, -1])
(29, 41, 'wall', [2, 2], 0, [-1, -1])
(29, 42, 'wall', [2, 2], 0, [-1, -1])
(29, 43, 'wall', [3, 2], 0, [-1, -1])
(29, 44, 'wall', [0, 0], 0, [-1, -1])
(29, 45, 'wall', [0, 0], 0, [-1, -1])
(29, 46, 'wall', [0, 0], 0, [-1, -1])
(29, 47, 'wall', [0, 0], 0, [-1, -1])
(29, 48, 'wall', [0, 0], 0, [-1, -1])
(29, 49, 'wall', [0, 0], 0, [-1, -1])
(29, 50, 'wall', [0, 0], 0, [-1, -1])
(29, 51, 'wall', [0, 0], 0, [-1, -1])
(29, 52, 'wall', [0, 0], 0, [-1, -1])
(29, 53, 'wall', [0, 0], 0, [-1, -1])
(29, 54, 'wall', [0, 0], 0, [-1, -1])
(29, 55, 'wall', [0, 0], 0, [-1, -1])
(29, 56, 'wall', [0, 0], 0, [-1, -1])
(29, 57, 'wall', [0, 0], 0, [-1, -1])
(29, 58, 'wall', [0, 0], 0, [-1, -1])
(29, 59, 'wall', [0, 0], 0, [-1, -1])
(29, 60, 'wall', [0, 0], 0, [-1, -1])
(29, 61, 'wall', [0, 0], 0, [-1, -1])
(29, 62, 'wall', [0, 0], 0, [-1, -1])
(29, 63, 'wall', [0, 0], 0, [-1, -1])
(29, 64, 'wall', [0, 0], 0, [-1, -1])
(29, 65, 'wall', [0, 0], 0, [-1, -1])
(29, 66, 'wall', [0, 0], 0, [-1, -1])
(29, 67, 'wall', [0, 0], 0, [-1, -1])
(29, 68, 'wall', [0, 0], 0, [-1, -1])
(29, 69, 'wall', [0, 0], 0, [-1, -1])
(29, 70, 'wall', [0, 0], 0, [-1, -1])
(29, 71, 'wall', [0, 0], 0, [-1, -1])
(30, 0, 'wall', [0, 0], 0, [-1, -1])
(30, 1, 'wall', [0, 0], 0, [-1, -1])
(30, 2, 'wall', [0, 0], 0, [-1, -1])
(30, 3, 'wall', [0, 0], 0, [-1, -1])
(30, 4, 'wall', [0, 0], 0, [-1, -1])
(30, 5, 'wall', [0, 0], 0, [-1, -1])
(30, 6, 'wall', [0, 0], 0, [-1, -1])
(30, 7, 'wall', [0, 0], 0, [-1, -1])
(30, 8, 'wall', [0, 0], 0, [-1, -1])
(30, 9, 'wall', [0, 0], 0, [-1, -1])
(30, 10, 'wall', [0, 0], 0, [-1, -1])
(30, 11, 'wall', [0, 0], 0, [-1, -1])
(30, 12, 'wall', [0, 0], 0, [-1, -1])
(30, 13, 'wall', [0, 0], 0, [-1, -1])
(30, 14, 'wall', [0, 0], 0, [-1, -1])
(30, 15, 'wall', [0, 0], 0, [-1, -1])
(30, 16, 'wall', [0, 0], 0, [-1, -1])
(30, 17, 'wall', [0, 0], 0, [-1, -1])
(30, 18, 'wall', [0, 0], 0, [-1, -1])
(30, 19, 'wall', [0, 0], 0, [-1, -1])
(30, 20, 'wall', [0, 0], 0, [-1, -1])
(30, 21, 'wall', [0, 0], 0, [-1, -1])
(30, 22, 'wall', [0, 0], 0, [-1, -1])
(30, 23, 'wall', [0, 0], 0, [-1, -1])
(30, 24, 'wall', [0, 0], 0, [-1, -1])
(30, 25, 'wall', [0, 0], 0, [-1, -1])
(30, 26, 'wall', [0, 0], 0, [-1, -1])
(30, 27, 'wall', [0, 0], 0, [-1, -1])
(30, 28, 'wall', [0, 0], 0, [-1, -1])
(30, 29, 'wall', [0, 0], 0, [-1, -1])
(30, 30, 'wall', [0, 0], 0, [-1, -1])
(30, 31, 'wall', [0, 0], 0, [-1, -1])
(30, 32, 'wall', [0, 0], 0, [-1, -1])
(30, 33, 'wall', [0, 0], 0, [-1, -1])
(30, 34, 'wall', [0, 0], 0, [-1, -1])
(30, 35, 'wall', [0, 0], 0, [-1, -1])
(30, 36, 'wall', [0, 0], 0, [-1, -1])
(30, 37, 'wall', [0, 0], 0, [-1, -1])
(30, 38, 'wall', [0, 0], 0, [-1, -1])
(30, 39, 'wall', [0, 0], 0, [-1, -1])
(30, 40, 'wall', [0, 0], 0, [-1, -1])
(30, 41, 'wall', [0, 0], 0, [-1, -1])
(30, 42, 'wall', [0, 0], 0, [-1, -1])
(30, 43, 'wall', [0, 0], 0, [-1, -1])
(30, 44, 'wall', [0, 0], 0, [-1, -1])
(30, 45, 'wall', [0, 0], 0, [-1, -1])
(30, 46, 'wall', [0, 0], 0, [-1, -1])
(30, 47, 'wall', [0, 0], 0, [-1, -1])
(30, 48, 'wall', [0, 0], 0, [-1, -1])
(30, 49, 'wall', [0, 0], 0, [-1, -1])
(30, 50, 'wall', [0, 0], 0, [-1, -1])
(30, 51, 'wall', [0, 0], 0, [-1, -1])
(30, 52, 'wall', [0, 0], 0, [-1, -1])
(30, 53, 'wall', [0, 0], 0, [-1, -1])
(30, 54, 'wall', [0, 0], 0, [-1, -1])
(30, 55, 'wall', [0, 0], 0, [-1, -1])
(30, 56, 'wall', [0, 0], 0, [-1, -1])
(30, 57, 'wall', [0, 0], 0, [-1, -1])
(30, 58, 'wall', [0, 0], 0, [-1, -1])
(30, 59, 'wall', [0, 0], 0, [-1, -1])
(30, 60, 'wall', [0, 0], 0, [-1, -1])
(30, 61, 'wall', [0, 0], 0, [-1, -1])
(30, 62, 'wall', [0, 0], 0, [-1, -1])
(30, 63, 'wall', [0, 0], 0, [-1, -1])
(30, 64, 'wall', [0, 0], 0, [-1, -1])
(30, 65, 'wall', [0, 0], 0, [-1, -1])
(30, 66, 'wall', [0, 0], 0, [-1, -1])
(30, 67, 'wall', [0, 0], 0, [-1, -1])
(30, 68, 'wall', [0, 0], 0, [-1, -1])
(30, 69, 'wall', [0, 0], 0, [-1, -1])
(30, 70, 'wall', [0, 0], 0, [-1, -1])
(30, 71, 'wall', [0, 0], 0, [-1, -1])
(31, 0, 'wall', [0, 0], 0, [-1, -1])
(31, 1, 'wall', [0, 0], 0, [-1, -1])
(31, 2, 'wall', [0, 0], 0, [-1, -1])
(31, 3, 'wall', [0, 0], 0, [-1, -1])
(31, 4, 'wall', [0, 0], 0, [-1, -1])
(31, 5, 'wall', [0, 0], 0, [-1, -1])
(31, 6, 'wall', [0, 0], 0, [-1, -1])
(31, 7, 'wall', [0, 0], 0, [-1, -1])
(31, 8, 'wall', [0, 0], 0, [-1, -1])
(31, 9, 'wall', [0, 0], 0, [-1, -1])
(31, 10, 'wall', [0, 0], 0, [-1, -1])
(31, 11, 'wall', [0, 0], 0, [-1, -1])
(31, 12, 'wall', [0, 0], 0, [-1, -1])
(31, 13, 'wall', [0, 0], 0, [-1, -1])
(31, 14, 'wall', [0, 0], 0, [-1, -1])
(31, 15, 'wall', [0, 0], 0, [-1, -1])
(31, 16, 'wall', [0, 0], 0, [-1, -1])
(31, 17, 'wall', [0, 0], 0, [-1, -1])
(31, 18, 'wall', [0, 0], 0, [-1, -1])
(31, 19, 'wall', [0, 0], 0, [-1, -1])
(31, 20, 'wall', [0, 0], 0, [-1, -1])
(31, 21, 'wall', [0, 0], 0, [-1, -1])
(31, 22, 'wall', [0, 0], 0, [-1, -1])
(31, 23, 'wall', [0, 0], 0, [-1, -1])
(31, 24, 'wall', [0, 0], 0, [-1, -1])
(31, 25, 'wall', [0, 0], 0, [-1, -1])
(31, 26, 'wall', [0, 0], 0, [-1, -1])
(31, 27, 'wall', [0, 0], 0, [-1, -1])
(31, 28, 'wall', [0, 0], 0, [-1, -1])
(31, 29, 'wall', [0, 0], 0, [-1, -1])
(31, 30, 'wall', [0, 0], 0, [-1, -1])
(31, 31, 'wall', [0, 0], 0, [-1, -1])
(31, 32, 'wall', [0, 0], 0, [-1, -1])
(31, 33, 'wall', [0, 0], 0, [-1, -1])
(31, 34, 'wall', [0, 0], 0, [-1, -1])
(31, 35, 'wall', [0, 0], 0, [-1, -1])
(31, 36, 'wall', [0, 0], 0, [-1, -1])
(31, 37, 'wall', [0, 0], 0, [-1, -1])
(31, 38, 'wall', [0, 0], 0, [-1, -1])
(31, 39, 'wall', [0, 0], 0, [-1, -1])
(31, 40, 'wall', [0, 0], 0, [-1, -1])
(31, 41, 'wall', [0, 0], 0, [-1, -1])
(31, 42, 'wall', [0, 0], 0, [-1, -1])
(31, 43, 'wall', [0, 0], 0, [-1, -1])
(31, 44, 'wall', [0, 0], 0, [-1, -1])
(31, 45, 'wall', [0, 0], 0, [-1, -1])
(31, 46, 'wall', [0, 0], 0, [-1, -1])
(31, 47, 'wall', [0, 0], 0, [-1, -1])
(31, 48, 'wall', [0, 0], 0, [-1, -1])
(31, 49, 'wall', [0, 0], 0, [-1, -1])
(31, 50, 'wall', [0, 0], 0, [-1, -1])
(31, 51, 'wall', [0, 0], 0, [-1, -1])
(31, 52, 'wall', [0, 0], 0, [-1, -1])
(31, 53, 'wall', [0, 0], 0, [-1, -1])
(31, 54, 'wall', [0, 0], 0, [-1, -1])
(31, 55, 'wall', [0, 0], 0, [-1, -1])
(31, 56, 'wall', [0, 0], 0, [-1, -1])
(31, 57, 'wall', [0, 0], 0, [-1, -1])
(31, 58, 'wall', [0, 0], 0, [-1, -1])
(31, 59, 'wall', [0, 0], 0, [-1, -1])
(31, 60, 'wall', [0, 0], 0, [-1, -1])
(31, 61, 'wall', [0, 0], 0, [-1, -1])
(31, 62, 'wall', [0, 0], 0, [-1, -1])
(31, 63, 'wall', [0, 0], 0, [-1, -1])
(31, 64, 'wall', [0, 0], 0, [-1, -1])
(31, 65, 'wall', [0, 0], 0, [-1, -1])
(31, 66, 'wall', [0, 0], 0, [-1, -1])
(31, 67, 'wall', [0, 0], 0, [-1, -1])
(31, 68, 'wall', [0, 0], 0, [-1, -1])
(31, 69, 'wall', [0, 0], 0, [-1, -1])
(31, 70, 'wall', [0, 0], 0, [-1, -1])
(31, 71, 'wall', [0, 0], 0, [-1, -1])
(32, 0, 'wall', [0, 0], 0, [-1, -1])
(32, 1, 'wall', [0, 0], 0, [-1, -1])
(32, 2, 'wall', [0, 0], 0, [-1, -1])
(32, 3, 'wall', [0, 0], 0, [-1, -1])
(32, 4, 'wall', [0, 0], 0, [-1, -1])
(32, 5, 'wall', [0, 0], 0, [-1, -1])
(32, 6, 'wall', [0, 0], 0, [-1, -1])
(32, 7, 'wall', [0, 0], 0, [-1, -1])
(32, 8, 'wall', [0, 0], 0, [-1, -1])
(32, 9, 'wall', [0, 0], 0, [-1, -1])
(32, 10, 'wall', [0, 0], 0, [-1, -1])
(32, 11, 'wall', [0, 0], 0, [-1, -1])
(32, 12, 'wall', [0, 0], 0, [-1, -1])
(32, 13, 'wall', [0, 0], 0, [-1, -1])
(32, 14, 'wall', [0, 0], 0, [-1, -1])
(32, 15, 'wall', [0, 0], 0, [-1, -1])
(32, 16, 'wall', [0, 0], 0, [-1, -1])
(32, 17, 'wall', [0, 0], 0, [-1, -1])
(32, 18, 'wall', [0, 0], 0, [-1, -1])
(32, 19, 'wall', [0, 0], 0, [-1, -1])
(32, 20, 'wall', [0, 0], 0, [-1, -1])
(32, 21, 'wall', [0, 0], 0, [-1, -1])
(32, 22, 'wall', [0, 0], 0, [-1, -1])
(32, 23, 'wall', [0, 0], 0, [-1, -1])
(32, 24, 'wall', [0, 0], 0, [-1, -1])
(32, 25, 'wall', [0, 0], 0, [-1, -1])
(32, 26, 'wall', [0, 0], 0, [-1, -1])
(32, 27, 'wall', [0, 0], 0, [-1, -1])
(32, 28, 'wall', [0, 0], 0, [-1, -1])
(32, 29, 'wall', [0, 0], 0, [-1, -1])
(32, 30, 'wall', [0, 0], 0, [-1, -1])
(32, 31, 'wall', [0, 0], 0, [-1, -1])
(32, 32, 'wall', [0, 0], 0, [-1, -1])
(32, 33, 'wall', [0, 0], 0, [-1, -1])
(32, 34, 'wall', [0, 0], 0, [-1, -1])
(32, 35, 'wall', [0, 0], 0, [-1, -1])
(32, 36, 'wall', [0, 0], 0, [-1, -1])
(32, 37, 'wall', [0, 0], 0, [-1, -1])
(32, 38, 'wall', [0, 0], 0, [-1, -1])
(32, 39, 'wall', [0, 0], 0, [-1, -1])
(32, 40, 'wall', [0, 0], 0, [-1, -1])
(32, 41, 'wall', [0, 0], 0, [-1, -1])
(32, 42, 'wall', [0, 0], 0, [-1, -1])
(32, 43, 'wall', [0, 0], 0, [-1, -1])
(32, 44, 'wall', [0, 0], 0, [-1, -1])
(32, 45, 'wall', [0, 0], 0, [-1, -1])
(32, 46, 'wall', [0, 0], 0, [-1, -1])
(32, 47, 'wall', [0, 0], 0, [-1, -1])
(32, 48, 'wall', [0, 0], 0, [-1, -1])
(32, 49, 'wall', [0, 0], 0, [-1, -1])
(32, 50, 'wall', [0, 0], 0, [-1, -1])
(32, 51, 'wall', [0, 0], 0, [-1, -1])
(32, 52, 'wall', [0, 0], 0, [-1, -1])
(32, 53, 'wall', [0, 0], 0, [-1, -1])
(32, 54, 'wall', [0, 0], 0, [-1, -1])
(32, 55, 'wall', [0, 0], 0, [-1, -1])
(32, 56, 'wall', [0, 0], 0, [-1, -1])
(32, 57, 'wall', [0, 0], 0, [-1, -1])
(32, 58, 'wall', [0, 0], 0, [-1, -1])
(32, 59, 'wall', [0, 0], 0, [-1, -1])
(32, 60, 'wall', [0, 0], 0, [-1, -1])
(32, 61, 'wall', [0, 0], 0, [-1, -1])
(32, 62, 'wall', [0, 0], 0, [-1, -1])
(32, 63, 'wall', [0, 0], 0, [-1, -1])
(32, 64, 'wall', [0, 0], 0, [-1, -1])
(32, 65, 'wall', [0, 0], 0, [-1, -1])
(32, 66, 'wall', [0, 0], 0, [-1, -1])
(32, 67, 'wall', [0, 0], 0, [-1, -1])
(32, 68, 'wall', [0, 0], 0, [-1, -1])
(32, 69, 'wall', [0, 0], 0, [-1, -1])
(32, 70, 'wall', [0, 0], 0, [-1, -1])
(32, 71, 'wall', [0, 0], 0, [-1, -1])
(33, 0, 'wall', [0, 0], 0, [-1, -1])
(33, 1, 'wall', [0, 0], 0, [-1, -1])
(33, 2, 'wall', [0, 0], 0, [-1, -1])
(33, 3, 'wall', [0, 0], 0, [-1, -1])
(33, 4, 'wall', [0, 0], 0, [-1, -1])
(33, 5, 'wall', [0, 0], 0, [-1, -1])
(33, 6, 'wall', [0, 0], 0, [-1, -1])
(33, 7, 'wall', [0, 0], 0, [-1, -1])
(33, 8, 'wall', [0, 0], 0, [-1, -1])
(33, 9, 'wall', [0, 0], 0, [-1, -1])
(33, 10, 'wall', [0, 0], 0, [-1, -1])
(33, 11, 'wall', [0, 0], 0, [-1, -1])
(33, 12, 'wall', [0, 0], 0, [-1, -1])
(33, 13, 'wall', [0, 0], 0, [-1, -1])
(33, 14, 'wall', [0, 0], 0, [-1, -1])
(33, 15, 'wall', [0, 0], 0, [-1, -1])
(33, 16, 'wall', [0, 0], 0, [-1, -1])
(33, 17, 'wall', [0, 0], 0, [-1, -1])
(33, 18, 'wall', [0, 0], 0, [-1, -1])
(33, 19, 'wall', [0, 0], 0, [-1, -1])
(33, 20, 'wall', [0, 0], 0, [-1, -1])
(33, 21, 'wall', [0, 0], 0, [-1, -1])
(33, 22, 'wall', [0, 0], 0, [-1, -1])
(33, 23, 'wall', [0, 0], 0, [-1, -1])
(33, 24, 'wall', [0, 0], 0, [-1, -1])
(33, 25, 'wall', [0, 0], 0, [-1, -1])
(33, 26, 'wall', [0, 0], 0, [-1, -1])
(33, 27, 'wall', [0, 0], 0, [-1, -1])
(33, 28, 'wall', [0, 0], 0, [-1, -1])
(33, 29, 'wall', [0, 0], 0, [-1, -1])
(33, 30, 'wall', [0, 0], 0, [-1, -1])
(33, 31, 'wall', [0, 0], 0, [-1, -1])
(33, 32, 'wall', [0, 0], 0, [-1, -1])
(33, 33, 'wall', [0, 0], 0, [-1, -1])
(33, 34, 'wall', [0, 0], 0, [-1, -1])
(33, 35, 'wall', [0, 0], 0, [-1, -1])
(33, 36, 'wall', [0, 0], 0, [-1, -1])
(33, 37, 'wall', [0, 0], 0, [-1, -1])
(33, 38, 'wall', [0, 0], 0, [-1, -1])
(33, 39, 'wall', [0, 0], 0, [-1, -1])
(33, 40, 'wall', [0, 0], 0, [-1, -1])
(33, 41, 'wall', [0, 0], 0, [-1, -1])
(33, 42, 'wall', [0, 0], 0, [-1, -1])
(33, 43, 'wall', [0, 0], 0, [-1, -1])
(33, 44, 'wall', [0, 0], 0, [-1, -1])
(33, 45, 'wall', [0, 0], 0, [-1, -1])
(33, 46, 'wall', [0, 0], 0, [-1, -1])
(33, 47, 'wall', [0, 0], 0, [-1, -1])
(33, 48, 'wall', [0, 0], 0, [-1, -1])
(33, 49, 'wall', [0, 0], 0, [-1, -1])
(33, 50, 'wall', [0, 0], 0, [-1, -1])
(33, 51, 'wall', [0, 0], 0, [-1, -1])
(33, 52, 'wall', [0, 0], 0, [-1, -1])
(33, 53, 'wall', [0, 0], 0, [-1, -1])
(33, 54, 'wall', [0, 0], 0, [-1, -1])
(33, 55, 'wall', [0, 0], 0, [-1, -1])
(33, 56, 'wall', [0, 0], 0, [-1, -1])
(33, 57, 'wall', [0, 0], 0, [-1, -1])
(33, 58, 'wall', [0, 0], 0, [-1, -1])
(33, 59, 'wall', [0, 0], 0, [-1, -1])
(33, 60, 'wall', [0, 0], 0, [-1, -1])
(33, 61, 'wall', [0, 0], 0, [-1, -1])
(33, 62, 'wall', [0, 0], 0, [-1, -1])
(33, 63, 'wall', [0, 0], 0, [-1, -1])
(33, 64, 'wall', [0, 0], 0, [-1, -1])
(33, 65, 'wall', [0, 0], 0, [-1, -1])
(33, 66, 'wall', [0, 0], 0, [-1, -1])
(33, 67, 'wall', [0, 0], 0, [-1, -1])
(33, 68, 'wall', [0, 0], 0, [-1, -1])
(33, 69, 'wall', [0, 0], 0, [-1, -1])
(33, 70, 'wall', [0, 0], 0, [-1, -1])
(33, 71, 'wall', [0, 0], 0, [-1, -1])
