(44, 35, 64)
(0, 0, 'wall', [0, 0], 0, [-1, -1])
(0, 1, 'wall', [1, 0], 0, [-1, -1])
(0, 2, 'wall', [2, 0], 0, [-1, -1])
(0, 3, 'wall', [2, 0], 0, [-1, -1])
(0, 4, 'wall', [2, 0], 1710, [6, 0])
(0, 5, 'wall', [2, 0], 0, [-1, -1])
(0, 6, 'wall', [2, 0], 0, [-1, -1])
(0, 7, 'wall', [2, 0], 1710, [6, 0])
(0, 8, 'wall', [2, 0], 0, [-1, -1])
(0, 9, 'wall', [2, 0], 0, [-1, -1])
(0, 10, 'wall', [2, 0], 0, [-1, -1])
(0, 11, 'wall', [2, 0], 0, [-1, -1])
(0, 12, 'wall', [2, 0], 0, [-1, -1])
(0, 13, 'wall', [2, 0], 0, [-1, -1])
(0, 14, 'wall', [2, 0], 0, [-1, -1])
(0, 15, 'wall', [2, 0], 0, [-1, -1])
(0, 16, 'wall', [2, 0], 0, [-1, -1])
(0, 17, 'wall', [2, 0], 0, [-1, -1])
(0, 18, 'wall', [2, 0], 0, [-1, -1])
(0, 19, 'wall', [2, 0], 0, [-1, -1])
(0, 20, 'wall', [2, 0], 0, [-1, -1])
(0, 21, 'wall', [2, 0], 0, [-1, -1])
(0, 22, 'wall', [2, 0], 0, [-1, -1])
(0, 23, 'wall', [2, 0], 0, [-1, -1])
(0, 24, 'wall', [2, 0], 0, [-1, -1])
(0, 25, 'wall', [2, 0], 0, [-1, -1])
(0, 26, 'wall', [3, 0], 0, [-1, -1])
(0, 27, 'wall', [0, 0], 720, [0, 1])
(0, 28, 'wall', [0, 0], 0, [-1, -1])
(0, 29, 'wall', [0, 0], 0, [-1, -1])
(0, 30, 'wall', [0, 0], 0, [-1, -1])
(0, 31, 'wall', [0, 0], 0, [-1, -1])
(0, 32, 'wall', [1, 0], 0, [-1, -1])
(0, 33, 'wall', [2, 0], 0, [-1, -1])
(0, 34, 'wall', [2, 0], 0, [-1, -1])
(0, 35, 'wall', [2, 0], 0, [-1, -1])
(0, 36, 'wall', [2, 0], 0, [-1, -1])
(0, 37, 'wall', [2, 0], 0, [-1, -1])
(0, 38, 'wall', [2, 0], 0, [-1, -1])
(0, 39, 'wall', [2, 0], 0, [-1, -1])
(0, 40, 'wall', [2, 0], 0, [-1, -1])
(0, 41, 'wall', [2, 0], 0, [-1, -1])
(0, 42, 'wall', [3, 0], 0, [-1, -1])
(0, 43, 'wall', [0, 0], 0, [-1, -1])
(1, 0, 'wall', [0, 0], 0, [-1, -1])
(1, 1, 'wall', [1, 1], 0, [-1, -1])
(1, 2, 'wall', [4, 3], 0, [-1, -1])
(1, 3, 'wall', [4, 3], 1350, [5, 2])
(1, 4, 'wall', [4, 3], 1710, [6, 1])
(1, 5, 'wall', [4, 3], 1710, [10, 2])
(1, 6, 'wall', [4, 3], 1710, [11, 2])
(1, 7, 'wall', [4, 3], 1710, [6, 1])
(1, 8, 'wall', [4, 3], 1710, [5, 2])
(1, 9, 'wall', [4, 3], 0, [-1, -1])
(1, 10, 'wall', [4, 3], 0, [-1, -1])
(1, 11, 'wall', [4, 3], 0, [-1, -1])
(1, 12, 'wall', [4, 3], 0, [-1, -1])
(1, 13, 'wall', [4, 3], 0, [-1, -1])
(1, 14, 'wall', [4, 3], 0, [-1, -1])
(1, 15, 'wall', [4, 3], 1710, [4, 3])
(1, 16, 'wall', [4, 3], 0, [-1, -1])
(1, 17, 'wall', [4, 3], 0, [-1, -1])
(1, 18, 'wall', [4, 3], 0, [-1, -1])
(1, 19, 'wall', [4, 3], 1710, [5, 2])
(1, 20, 'wall', [4, 3], 0, [-1, -1])
(1, 21, 'wall', [4, 3], 0, [-1, -1])
(1, 22, 'wall', [4, 3], 0, [-1, -1])
(1, 23, 'wall', [4, 3], 0, [-1, -1])
(1, 24, 'wall', [4, 3], 0, [-1, -1])
(1, 25, 'wall', [4, 3], 0, [-1, -1])
(1, 26, 'wall', [2, 0], 0, [4, 1])
(1, 27, 'wall', [2, 0], 0, [-1, -1])
(1, 28, 'wall', [2, 0], 0, [-1, -1])
(1, 29, 'wall', [2, 0], 0, [6, 0])
(1, 30, 'wall', [2, 0], 0, [-1, -1])
(1, 31, 'wall', [2, 0], 0, [-1, -1])
(1, 32, 'wall', [2, 0], 0, [5, 1])
(1, 33, 'wall', [4, 3], 0, [-1, -1])
(1, 34, 'wall', [4, 3], 0, [-1, -1])
(1, 35, 'wall', [4, 3], 0, [-1, -1])
(1, 36, 'wall', [4, 3], 0, [-1, -1])
(1, 37, 'wall', [4, 3], 0, [-1, -1])
(1, 38, 'wall', [4, 3], 0, [-1, -1])
(1, 39, 'wall', [4, 3], 0, [-1, -1])
(1, 40, 'wall', [4, 3], 0, [-1, -1])
(1, 41, 'wall', [4, 3], 0, [-1, -1])
(1, 42, 'wall', [3, 1], 0, [-1, -1])
(1, 43, 'wall', [0, 0], 0, [-1, -1])
(2, 0, 'wall', [0, 0], 0, [-1, -1])
(2, 1, 'wall', [1, 1], 0, [-1, -1])
(2, 2, 'floor', [4, 4], 90, [-1, -1])
(2, 3, 'floor', [2, 4], 0, [-1, -1])
(2, 4, 'floor', [2, 4], 1710, [6, 2])
(2, 5, 'floor', [2, 4], 0, [-1, -1])
(2, 6, 'floor', [2, 4], 0, [-1, -1])
(2, 7, 'floor', [2, 4], 1710, [6, 2])
(2, 8, 'floor', [2, 4], 0, [3, 4])
(2, 9, 'floor', [2, 4], 0, [-1, -1])
(2, 10, 'floor', [2, 4], 0, [-1, -1])
(2, 11, 'floor', [2, 4], 0, [-1, -1])
(2, 12, 'floor', [2, 4], 0, [-1, -1])
(2, 13, 'floor', [2, 4], 0, [-1, -1])
(2, 14, 'floor', [2, 4], 0, [-1, -1])
(2, 15, 'floor', [2, 4], 0, [-1, -1])
(2, 16, 'floor', [2, 4], 0, [-1, -1])
(2, 17, 'floor', [2, 4], 0, [-1, -1])
(2, 18, 'floor', [2, 4], 0, [3, 4])
(2, 19, 'floor', [2, 4], 0, [-1, -1])
(2, 20, 'floor', [2, 4], 0, [-1, -1])
(2, 21, 'floor', [2, 4], 0, [-1, -1])
(2, 22, 'floor', [2, 4], 0, [-1, -1])
(2, 23, 'floor', [2, 4], 0, [-1, -1])
(2, 24, 'floor', [2, 4], 0, [3, 4])
(2, 25, 'floor', [2, 4], 0, [-1, -1])
(2, 26, 'wall', [9, 4], 0, [-1, -1])
(2, 27, 'wall', [4, 3], 0, [5, 2])
(2, 28, 'wall', [4, 3], 0, [-1, -1])
(2, 29, 'wall', [4, 3], 0, [6, 1])
(2, 30, 'wall', [4, 3], 0, [-1, -1])
(2, 31, 'wall', [4, 3], 0, [5, 2])
(2, 32, 'wall', [11, 4], 0, [-1, -1])
(2, 33, 'floor', [4, 4], 90, [10, 6])
(2, 34, 'floor', [2, 4], 0, [3, 4])
(2, 35, 'floor', [2, 4], 0, [-1, -1])
(2, 36, 'floor', [2, 4], 0, [-1, -1])
(2, 37, 'floor', [2, 4], 0, [-1, -1])
(2, 38, 'floor', [2, 4], 0, [-1, -1])
(2, 39, 'floor', [2, 4], 0, [-1, -1])
(2, 40, 'floor', [2, 4], 0, [3, 4])
(2, 41, 'floor', [2, 4], 2160, [7, 9])
(2, 42, 'wall', [3, 1], 0, [-1, -1])
(2, 43, 'wall', [0, 0], 720, [0, 2])
(3, 0, 'wall', [0, 0], 0, [-1, -1])
(3, 1, 'wall', [1, 1], 0, [-1, -1])
(3, 2, 'floor', [2, 4], 90, [-1, -1])
(3, 3, 'floor', [0, 4], 0, [-1, -1])
(3, 4, 'floor', [0, 4], 0, [-1, -1])
(3, 5, 'floor', [0, 4], 0, [6, 3])
(3, 6, 'floor', [0, 4], 0, [-1, -1])
(3, 7, 'floor', [0, 4], 0, [-1, -1])
(3, 8, 'floor', [0, 4], 0, [-1, -1])
(3, 9, 'floor', [0, 4], 0, [-1, -1])
(3, 10, 'floor', [0, 4], 0, [-1, -1])
(3, 11, 'floor', [0, 4], 0, [-1, -1])
(3, 12, 'floor', [0, 4], 0, [-1, -1])
(3, 13, 'floor', [0, 4], 0, [-1, -1])
(3, 14, 'floor', [0, 4], 0, [-1, -1])
(3, 15, 'floor', [0, 4], 0, [-1, -1])
(3, 16, 'floor', [0, 4], 0, [-1, -1])
(3, 17, 'floor', [0, 4], 0, [-1, -1])
(3, 18, 'floor', [0, 4], 0, [-1, -1])
(3, 19, 'floor', [0, 4], 0, [-1, -1])
(3, 20, 'floor', [0, 4], 0, [-1, -1])
(3, 21, 'floor', [0, 4], 0, [-1, -1])
(3, 22, 'floor', [0, 4], 0, [-1, -1])
(3, 23, 'floor', [0, 4], 0, [6, 3])
(3, 24, 'floor', [0, 4], 0, [-1, -1])
(3, 25, 'floor', [0, 4], 0, [-1, -1])
(3, 26, 'floor', [2, 4], 0, [-1, -1])
(3, 27, 'floor', [2, 4], 0, [-1, -1])
(3, 28, 'floor', [2, 4], 0, [-1, -1])
(3, 29, 'floor', [2, 4], 0, [6, 2])
(3, 30, 'floor', [2, 4], 0, [-1, -1])
(3, 31, 'floor', [2, 4], 0, [-1, -1])
(3, 32, 'floor', [2, 4], 0, [-1, -1])
(3, 33, 'floor', [0, 4], 0, [-1, -1])
(3, 34, 'floor', [0, 4], 0, [-1, -1])
(3, 35, 'floor', [0, 4], 1350, [5, 3])
(3, 36, 'floor', [0, 4], 0, [6, 3])
(3, 37, 'floor', [0, 4], 0, [-1, -1])
(3, 38, 'floor', [0, 4], 0, [-1, -1])
(3, 39, 'floor', [0, 4], 0, [-1, -1])
(3, 40, 'floor', [0, 4], 0, [-1, -1])
(3, 41, 'floor', [0, 4], 0, [-1, -1])
(3, 42, 'wall', [3, 1], 0, [-1, -1])
(3, 43, 'wall', [0, 0], 0, [-1, -1])
(4, 0, 'wall', [0, 0], 0, [-1, -1])
(4, 1, 'wall', [1, 1], 0, [-1, -1])
(4, 2, 'floor', [2, 4], 90, [-1, -1])
(4, 3, 'floor', [1, 4], 0, [-1, -1])
(4, 4, 'floor', [0, 4], 0, [-1, -1])
(4, 5, 'floor', [0, 4], 1710, [0, 4])
(4, 6, 'floor', [0, 4], 0, [-1, -1])
(4, 7, 'floor', [0, 4], 0, [-1, -1])
(4, 8, 'floor', [0, 4], 0, [-1, -1])
(4, 9, 'wall', [4, 0], 0, [-1, -1])
(4, 10, 'wall', [2, 2], 0, [-1, -1])
(4, 11, 'wall', [2, 2], 0, [-1, -1])
(4, 12, 'wall', [2, 2], 0, [-1, -1])
(4, 13, 'wall', [2, 2], 0, [-1, -1])
(4, 14, 'wall', [5, 0], 0, [-1, -1])
(4, 15, 'floor', [2, 4], 90, [6, 3])
(4, 16, 'floor', [0, 4], 0, [-1, -1])
(4, 17, 'wall', [4, 0], 0, [-1, -1])
(4, 18, 'wall', [2, 2], 0, [-1, -1])
(4, 19, 'wall', [2, 2], 0, [-1, -1])
(4, 20, 'wall', [2, 2], 0, [-1, -1])
(4, 21, 'wall', [2, 2], 0, [-1, -1])
(4, 22, 'wall', [2, 2], 0, [-1, -1])
(4, 23, 'wall', [2, 2], 0, [-1, -1])
(4, 24, 'wall', [2, 2], 0, [-1, -1])
(4, 25, 'wall', [2, 2], 0, [-1, -1])
(4, 26, 'wall', [2, 2], 0, [-1, -1])
(4, 27, 'wall', [2, 2], 0, [-1, -1])
(4, 28, 'wall', [2, 2], 0, [-1, -1])
(4, 29, 'wall', [2, 2], 0, [-1, -1])
(4, 30, 'wall', [2, 2], 0, [-1, -1])
(4, 31, 'wall', [2, 2], 0, [-1, -1])
(4, 32, 'wall', [2, 2], 0, [-1, -1])
(4, 33, 'wall', [2, 2], 0, [-1, -1])
(4, 34, 'wall', [2, 2], 0, [-1, -1])
(4, 35, 'wall', [2, 2], 0, [-1, -1])
(4, 36, 'wall', [2, 2], 0, [-1, -1])
(4, 37, 'wall', [2, 2], 0, [-1, -1])
(4, 38, 'wall', [2, 2], 0, [-1, -1])
(4, 39, 'wall', [5, 0], 0, [-1, -1])
(4, 40, 'floor', [2, 4], 90, [-1, -1])
(4, 41, 'floor', [0, 4], 0, [6, 3])
(4, 42, 'wall', [3, 1], 0, [-1, -1])
(4, 43, 'wall', [0, 0], 0, [-1, -1])
(5, 0, 'wall', [0, 0], 0, [-1, -1])
(5, 1, 'wall', [1, 1], 0, [-1, -1])
(5, 2, 'floor', [2, 4], 90, [-1, -1])
(5, 3, 'floor', [0, 4], 1710, [3, 7])
(5, 4, 'floor', [0, 4], 0, [-1, -1])
(5, 5, 'floor', [0, 4], 0, [-1, -1])
(5, 6, 'floor', [0, 4], 0, [6, 3])
(5, 7, 'floor', [0, 4], 0, [-1, -1])
(5, 8, 'floor', [0, 4], 0, [-1, -1])
(5, 9, 'wall', [3, 1], 0, [-1, -1])
(5, 10, 'wall', [1, 0], 0, [-1, -1])
(5, 11, 'wall', [2, 0], 0, [-1, -1])
(5, 12, 'wall', [2, 0], 0, [-1, -1])
(5, 13, 'wall', [3, 0], 0, [-1, -1])
(5, 14, 'wall', [1, 1], 0, [-1, -1])
(5, 15, 'floor', [2, 4], 90, [-1, -1])
(5, 16, 'floor', [0, 4], 0, [-1, -1])
(5, 17, 'wall', [3, 1], 0, [-1, -1])
(5, 18, 'wall', [0, 0], 720, [0, 2])
(5, 19, 'wall', [0, 0], 0, [-1, -1])
(5, 20, 'wall', [0, 0], 0, [-1, -1])
(5, 21, 'wall', [0, 0], 0, [-1, -1])
(5, 22, 'wall', [0, 0], 0, [-1, -1])
(5, 23, 'wall', [1, 0], 0, [-1, -1])
(5, 24, 'wall', [2, 0], 0, [-1, -1])
(5, 25, 'wall', [2, 0], 0, [-1, -1])
(5, 26, 'wall', [2, 0], 0, [-1, -1])
(5, 27, 'wall', [2, 0], 0, [-1, -1])
(5, 28, 'wall', [3, 0], 0, [-1, -1])
(5, 29, 'wall', [0, 0], 0, [-1, -1])
(5, 30, 'wall', [0, 0], 0, [-1, -1])
(5, 31, 'wall', [0, 0], 720, [0, 1])
(5, 32, 'wall', [1, 0], 0, [-1, -1])
(5, 33, 'wall', [2, 0], 0, [-1, -1])
(5, 34, 'wall', [2, 0], 0, [-1, -1])
(5, 35, 'wall', [2, 0], 0, [-1, -1])
(5, 36, 'wall', [2, 0], 0, [-1, -1])
(5, 37, 'wall', [2, 0], 0, [-1, -1])
(5, 38, 'wall', [2, 0], 0, [-1, -1])
(5, 39, 'wall', [5, 1], 0, [-1, -1])
(5, 40, 'floor', [2, 4], 90, [-1, -1])
(5, 41, 'floor', [0, 4], 0, [-1, -1])
(5, 42, 'wall', [3, 1], 0, [-1, -1])
(5, 43, 'wall', [0, 0], 0, [-1, -1])
(6, 0, 'wall', [0, 0], 0, [-1, -1])
(6, 1, 'wall', [1, 1], 0, [-1, -1])
(6, 2, 'floor', [2, 4], 90, [-1, -1])
(6, 3, 'floor', [1, 4], 1710, [0, 6])
(6, 4, 'floor', [0, 4], 0, [-1, -1])
(6, 5, 'floor', [0, 4], 0, [-1, -1])
(6, 6, 'floor', [0, 4], 0, [-1, -1])
(6, 7, 'floor', [0, 4], 1710, [2, 6])
(6, 8, 'floor', [0, 4], 0, [-1, -1])
(6, 9, 'wall', [3, 1], 0, [-1, -1])
(6, 10, 'wall', [1, 1], 0, [-1, -1])
(6, 11, 'wall', [4, 3], 0, [-1, -1])
(6, 12, 'wall', [4, 3], 0, [-1, -1])
(6, 13, 'wall', [3, 1], 0, [-1, -1])
(6, 14, 'wall', [1, 1], 0, [-1, -1])
(6, 15, 'floor', [2, 4], 90, [-1, -1])
(6, 16, 'floor', [0, 4], 0, [-1, -1])
(6, 17, 'wall', [3, 1], 0, [-1, -1])
(6, 18, 'wall', [0, 0], 0, [-1, -1])
(6, 19, 'wall', [0, 0], 0, [-1, -1])
(6, 20, 'wall', [0, 0], 0, [-1, -1])
(6, 21, 'wall', [0, 0], 0, [-1, -1])
(6, 22, 'wall', [1, 0], 0, [-1, -1])
(6, 23, 'wall', [2, 0], 0, [5, 1])
(6, 24, 'wall', [4, 3], 0, [-1, -1])
(6, 25, 'wall', [4, 3], 0, [4, 2])
(6, 26, 'wall', [4, 3], 0, [-1, -1])
(6, 27, 'wall', [4, 3], 0, [-1, -1])
(6, 28, 'wall', [2, 0], 0, [4, 1])
(6, 29, 'wall', [3, 0], 0, [-1, -1])
(6, 30, 'wall', [0, 0], 0, [-1, -1])
(6, 31, 'wall', [0, 0], 0, [-1, -1])
(6, 32, 'wall', [1, 1], 0, [-1, -1])
(6, 33, 'wall', [4, 3], 0, [-1, -1])
(6, 34, 'wall', [4, 3], 0, [-1, -1])
(6, 35, 'wall', [4, 3], 0, [4, 2])
(6, 36, 'wall', [4, 3], 0, [-1, -1])
(6, 37, 'wall', [4, 3], 0, [-1, -1])
(6, 38, 'wall', [4, 3], 0, [-1, -1])
(6, 39, 'wall', [11, 4], 0, [-1, -1])
(6, 40, 'floor', [2, 4], 90, [-1, -1])
(6, 41, 'floor', [0, 4], 0, [-1, -1])
(6, 42, 'wall', [3, 1], 0, [-1, -1])
(6, 43, 'wall', [0, 0], 0, [-1, -1])
(7, 0, 'wall', [0, 0], 0, [-1, -1])
(7, 1, 'wall', [1, 1], 0, [-1, -1])
(7, 2, 'floor', [2, 4], 90, [-1, -1])
(7, 3, 'floor', [0, 4], 0, [-1, -1])
(7, 4, 'floor', [0, 4], 0, [-1, -1])
(7, 5, 'floor', [0, 4], 0, [-1, -1])
(7, 6, 'floor', [0, 4], 0, [-1, -1])
(7, 7, 'floor', [0, 4], 0, [-1, -1])
(7, 8, 'floor', [0, 4], 2160, [7, 9])
(7, 9, 'wall', [3, 1], 0, [-1, -1])
(7, 10, 'wall', [1, 1], 0, [-1, -1])
(7, 11, 'floor', [4, 4], 90, [10, 6])
(7, 12, 'floor', [2, 4], 0, [10, 6])
(7, 13, 'wall', [3, 1], 0, [-1, -1])
(7, 14, 'wall', [1, 1], 0, [-1, -1])
(7, 15, 'floor', [2, 4], 90, [-1, -1])
(7, 16, 'floor', [0, 4], 0, [-1, -1])
(7, 17, 'wall', [4, 1], 0, [-1, -1])
(7, 18, 'wall', [2, 0], 0, [-1, -1])
(7, 19, 'wall', [2, 0], 0, [-1, -1])
(7, 20, 'wall', [2, 0], 0, [-1, -1])
(7, 21, 'wall', [2, 0], 0, [-1, -1])
(7, 22, 'wall', [2, 0], 0, [5, 1])
(7, 23, 'wall', [11, 4], 0, [-1, -1])
(7, 24, 'floor', [4, 4], 90, [7, 9])
(7, 25, 'floor', [2, 4], 0, [3, 4])
(7, 26, 'floor', [2, 4], 0, [-1, -1])
(7, 27, 'floor', [2, 4], 720, [5, 7])
(7, 28, 'wall', [9, 4], 0, [-1, -1])
(7, 29, 'wall', [3, 1], 0, [-1, -1])
(7, 30, 'wall', [0, 0], 0, [-1, -1])
(7, 31, 'wall', [0, 0], 0, [-1, -1])
(7, 32, 'wall', [1, 1], 0, [-1, -1])
(7, 33, 'floor', [4, 4], 90, [4, 5])
(7, 34, 'floor', [2, 4], 0, [-1, -1])
(7, 35, 'floor', [2, 4], 0, [-1, -1])
(7, 36, 'floor', [2, 4], 0, [-1, -1])
(7, 37, 'floor', [2, 4], 0, [-1, -1])
(7, 38, 'floor', [2, 4], 0, [-1, -1])
(7, 39, 'floor', [2, 4], 0, [-1, -1])
(7, 40, 'floor', [0, 4], 90, [-1, -1])
(7, 41, 'floor', [0, 4], 0, [-1, -1])
(7, 42, 'wall', [3, 1], 0, [-1, -1])
(7, 43, 'wall', [0, 0], 0, [-1, -1])
(8, 0, 'wall', [0, 0], 0, [-1, -1])
(8, 1, 'wall', [1, 2], 0, [-1, -1])
(8, 2, 'wall', [2, 2], 0, [-1, -1])
(8, 3, 'wall', [2, 2], 0, [-1, -1])
(8, 4, 'wall', [2, 2], 0, [-1, -1])
(8, 5, 'wall', [2, 2], 0, [-1, -1])
(8, 6, 'wall', [2, 2], 0, [-1, -1])
(8, 7, 'wall', [2, 2], 0, [-1, -1])
(8, 8, 'wall', [2, 2], 0, [-1, -1])
(8, 9, 'wall', [3, 2], 0, [-1, -1])
(8, 10, 'wall', [1, 2], 0, [-1, -1])
(8, 11, 'wall', [2, 2], 0, [-1, -1])
(8, 12, 'wall', [2, 2], 0, [-1, -1])
(8, 13, 'wall', [3, 2], 0, [-1, -1])
(8, 14, 'wall', [1, 1], 0, [-1, -1])
(8, 15, 'floor', [2, 4], 90, [-1, -1])
(8, 16, 'floor', [0, 4], 0, [6, 3])
(8, 17, 'wall', [9, 4], 0, [-1, -1])
(8, 18, 'wall', [4, 3], 0, [-1, -1])
(8, 19, 'wall', [4, 3], 0, [-1, -1])
(8, 20, 'wall', [4, 3], 0, [-1, -1])
(8, 21, 'wall', [4, 3], 0, [-1, -1])
(8, 22, 'wall', [11, 4], 0, [-1, -1])
(8, 23, 'floor', [4, 4], 90, [-1, -1])
(8, 24, 'floor', [0, 4], 0, [-1, -1])
(8, 25, 'floor', [0, 4], 0, [-1, -1])
(8, 26, 'floor', [0, 4], 0, [-1, -1])
(8, 27, 'floor', [0, 4], 0, [-1, -1])
(8, 28, 'floor', [2, 4], 0, [3, 4])
(8, 29, 'wall', [3, 1], 0, [-1, -1])
(8, 30, 'wall', [0, 0], 0, [-1, -1])
(8, 31, 'wall', [0, 0], 0, [-1, -1])
(8, 32, 'wall', [1, 1], 0, [-1, -1])
(8, 33, 'floor', [2, 4], 90, [-1, -1])
(8, 34, 'floor', [1, 4], 0, [-1, -1])
(8, 35, 'floor', [0, 4], 0, [-1, -1])
(8, 36, 'floor', [0, 4], 0, [-1, -1])
(8, 37, 'wall', [4, 0], 0, [-1, -1])
(8, 38, 'wall', [2, 2], 0, [-1, -1])
(8, 39, 'wall', [5, 0], 0, [-1, -1])
(8, 40, 'floor', [2, 4], 90, [-1, -1])
(8, 41, 'floor', [0, 4], 0, [-1, -1])
(8, 42, 'wall', [3, 1], 0, [-1, -1])
(8, 43, 'wall', [0, 0], 0, [-1, -1])
(9, 0, 'wall', [0, 0], 0, [-1, -1])
(9, 1, 'wall', [1, 0], 0, [-1, -1])
(9, 2, 'wall', [2, 0], 0, [-1, -1])
(9, 3, 'wall', [2, 0], 0, [-1, -1])
(9, 4, 'wall', [2, 0], 0, [-1, -1])
(9, 5, 'wall', [2, 0], 0, [-1, -1])
(9, 6, 'wall', [2, 0], 0, [-1, -1])
(9, 7, 'wall', [2, 0], 0, [-1, -1])
(9, 8, 'wall', [2, 0], 0, [-1, -1])
(9, 9, 'wall', [2, 0], 0, [-1, -1])
(9, 10, 'wall', [2, 0], 0, [-1, -1])
(9, 11, 'wall', [2, 0], 0, [-1, -1])
(9, 12, 'wall', [2, 0], 0, [-1, -1])
(9, 13, 'wall', [2, 0], 0, [-1, -1])
(9, 14, 'wall', [5, 1], 0, [-1, -1])
(9, 15, 'floor', [2, 4], 90, [-1, -1])
(9, 16, 'floor', [0, 4], 0, [-1, -1])
(9, 17, 'floor', [2, 4], 0, [-1, -1])
(9, 18, 'floor', [2, 4], 0, [-1, -1])
(9, 19, 'floor', [2, 4], 0, [-1, -1])
(9, 20, 'floor', [2, 4], 0, [3, 4])
(9, 21, 'floor', [2, 4], 0, [-1, -1])
(9, 22, 'floor', [2, 4], 0, [-1, -1])
(9, 23, 'floor', [0, 4], 0, [-1, -1])
(9, 24, 'floor', [0, 4], 0, [-1, -1])
(9, 25, 'floor', [0, 4], 1350, [-1, -1])
(9, 26, 'floor', [0, 4], 1350, [-1, -1])
(9, 27, 'floor', [0, 4], 1350, [-1, -1])
(9, 28, 'floor', [0, 4], 1350, [-1, -1])
(9, 29, 'wall', [3, 1], 0, [-1, -1])
(9, 30, 'wall', [0, 0], 0, [-1, -1])
(9, 31, 'wall', [0, 0], 0, [-1, -1])
(9, 32, 'wall', [1, 1], 0, [-1, -1])
(9, 33, 'floor', [2, 4], 90, [-1, -1])
(9, 34, 'floor', [0, 4], 0, [-1, -1])
(9, 35, 'floor', [0, 4], 0, [-1, -1])
(9, 36, 'floor', [0, 4], 0, [6, 3])
(9, 37, 'wall', [3, 1], 0, [-1, -1])
(9, 38, 'wall', [0, 0], 0, [-1, -1])
(9, 39, 'wall', [1, 1], 0, [-1, -1])
(9, 40, 'floor', [2, 4], 90, [-1, -1])
(9, 41, 'floor', [0, 4], 0, [-1, -1])
(9, 42, 'wall', [3, 1], 0, [-1, -1])
(9, 43, 'wall', [0, 0], 0, [-1, -1])
(10, 0, 'wall', [0, 0], 0, [-1, -1])
(10, 1, 'wall', [1, 1], 0, [-1, -1])
(10, 2, 'wall', [4, 3], 0, [-1, -1])
(10, 3, 'wall', [4, 3], 0, [-1, -1])
(10, 4, 'wall', [4, 3], 1350, [5, 2])
(10, 5, 'wall', [4, 3], 0, [-1, -1])
(10, 6, 'wall', [4, 3], 0, [-1, -1])
(10, 7, 'wall', [4, 3], 0, [-1, -1])
(10, 8, 'wall', [4, 3], 0, [-1, -1])
(10, 9, 'wall', [4, 3], 0, [-1, -1])
(10, 10, 'wall', [4, 3], 0, [-1, -1])
(10, 11, 'wall', [4, 3], 0, [-1, -1])
(10, 12, 'wall', [4, 3], 1350, [5, 2])
(10, 13, 'wall', [4, 3], 0, [-1, -1])
(10, 14, 'wall', [11, 4], 0, [-1, -1])
(10, 15, 'floor', [2, 4], 90, [-1, -1])
(10, 16, 'floor', [0, 4], 0, [-1, -1])
(10, 17, 'wall', [4, 0], 0, [-1, -1])
(10, 18, 'wall', [2, 2], 0, [-1, -1])
(10, 19, 'wall', [2, 2], 0, [-1, -1])
(10, 20, 'wall', [2, 2], 0, [-1, -1])
(10, 21, 'wall', [2, 2], 0, [-1, -1])
(10, 22, 'wall', [5, 0], 0, [-1, -1])
(10, 23, 'floor', [2, 4], 90, [-1, -1])
(10, 24, 'floor', [0, 4], 0, [-1, -1])
(10, 25, 'floor', [0, 4], 1350, [-1, -1])
(10, 26, 'floor', [1, 4], 0, [-1, -1])
(10, 27, 'floor', [0, 4], 1350, [-1, -1])
(10, 28, 'floor', [0, 4], 1350, [-1, -1])
(10, 29, 'wall', [3, 1], 0, [-1, -1])
(10, 30, 'wall', [0, 0], 0, [-1, -1])
(10, 31, 'wall', [0, 0], 720, [0, 2])
(10, 32, 'wall', [1, 2], 0, [-1, -1])
(10, 33, 'wall', [2, 2], 0, [-1, -1])
(10, 34, 'wall', [2, 2], 0, [-1, -1])
(10, 35, 'wall', [2, 2], 0, [-1, -1])
(10, 36, 'wall', [2, 2], 0, [-1, -1])
(10, 37, 'wall', [3, 2], 0, [-1, -1])
(10, 38, 'wall', [0, 0], 0, [-1, -1])
(10, 39, 'wall', [1, 1], 0, [-1, -1])
(10, 40, 'floor', [2, 4], 90, [-1, -1])
(10, 41, 'floor', [0, 4], 0, [6, 3])
(10, 42, 'wall', [3, 1], 0, [-1, -1])
(10, 43, 'wall', [0, 0], 0, [-1, -1])
(11, 0, 'wall', [0, 0], 0, [-1, -1])
(11, 1, 'wall', [1, 1], 0, [-1, -1])
(11, 2, 'floor', [4, 4], 90, [-1, -1])
(11, 3, 'floor', [2, 4], 0, [-1, -1])
(11, 4, 'floor', [2, 4], 0, [-1, -1])
(11, 5, 'floor', [2, 4], 0, [-1, -1])
(11, 6, 'floor', [2, 4], 0, [-1, -1])
(11, 7, 'floor', [2, 4], 0, [-1, -1])
(11, 8, 'floor', [2, 4], 0, [-1, -1])
(11, 9, 'floor', [2, 4], 0, [-1, -1])
(11, 10, 'floor', [2, 4], 0, [-1, -1])
(11, 11, 'floor', [2, 4], 0, [-1, -1])
(11, 12, 'floor', [2, 4], 0, [-1, -1])
(11, 13, 'floor', [2, 4], 0, [-1, -1])
(11, 14, 'floor', [2, 4], 0, [-1, -1])
(11, 15, 'floor', [0, 4], 0, [-1, -1])
(11, 16, 'floor', [0, 4], 0, [-1, -1])
(11, 17, 'wall', [3, 1], 0, [-1, -1])
(11, 18, 'wall', [0, 0], 720, [0, 1])
(11, 19, 'wall', [0, 0], 0, [-1, -1])
(11, 20, 'wall', [0, 0], 0, [-1, -1])
(11, 21, 'wall', [0, 0], 0, [-1, -1])
(11, 22, 'wall', [1, 2], 0, [-1, -1])
(11, 23, 'wall', [5, 0], 0, [-1, -1])
(11, 24, 'floor', [2, 4], 90, [-1, -1])
(11, 25, 'floor', [0, 4], 1350, [-1, -1])
(11, 26, 'floor', [0, 4], 1350, [-1, -1])
(11, 27, 'floor', [0, 4], 1350, [-1, -1])
(11, 28, 'wall', [4, 0], 0, [-1, -1])
(11, 29, 'wall', [3, 2], 0, [-1, -1])
(11, 30, 'wall', [0, 0], 0, [-1, -1])
(11, 31, 'wall', [1, 0], 0, [-1, -1])
(11, 32, 'wall', [2, 0], 0, [-1, -1])
(11, 33, 'wall', [2, 0], 0, [-1, -1])
(11, 34, 'wall', [2, 0], 0, [-1, -1])
(11, 35, 'wall', [2, 0], 0, [-1, -1])
(11, 36, 'wall', [2, 0], 0, [-1, -1])
(11, 37, 'wall', [2, 0], 0, [-1, -1])
(11, 38, 'wall', [2, 0], 0, [-1, -1])
(11, 39, 'wall', [5, 1], 0, [-1, -1])
(11, 40, 'floor', [2, 4], 90, [-1, -1])
(11, 41, 'floor', [0, 4], 0, [-1, -1])
(11, 42, 'wall', [3, 1], 0, [-1, -1])
(11, 43, 'wall', [0, 0], 0, [-1, -1])
(12, 0, 'wall', [0, 0], 0, [-1, -1])
(12, 1, 'wall', [1, 1], 0, [-1, -1])
(12, 2, 'floor', [2, 4], 90, [-1, -1])
(12, 3, 'floor', [0, 4], 0, [-1, -1])
(12, 4, 'floor', [0, 4], 0, [-1, -1])
(12, 5, 'floor', [0, 4], 0, [-1, -1])
(12, 6, 'floor', [0, 4], 0, [-1, -1])
(12, 7, 'floor', [0, 4], 0, [6, 3])
(12, 8, 'floor', [0, 4], 0, [-1, -1])
(12, 9, 'floor', [0, 4], 0, [-1, -1])
(12, 10, 'floor', [1, 4], 0, [-1, -1])
(12, 11, 'floor', [0, 4], 0, [-1, -1])
(12, 12, 'floor', [0, 4], 0, [-1, -1])
(12, 13, 'floor', [0, 4], 0, [-1, -1])
(12, 14, 'floor', [0, 4], 0, [-1, -1])
(12, 15, 'floor', [0, 4], 90, [-1, -1])
(12, 16, 'floor', [0, 4], 0, [-1, -1])
(12, 17, 'wall', [3, 1], 0, [-1, -1])
(12, 18, 'wall', [1, 0], 0, [-1, -1])
(12, 19, 'wall', [2, 0], 0, [-1, -1])
(12, 20, 'wall', [2, 0], 0, [-1, -1])
(12, 21, 'wall', [2, 0], 0, [-1, -1])
(12, 22, 'wall', [3, 0], 0, [-1, -1])
(12, 23, 'wall', [1, 2], 0, [-1, -1])
(12, 24, 'wall', [2, 2], 0, [-1, -1])
(12, 25, 'wall', [2, 2], 0, [-1, -1])
(12, 26, 'wall', [2, 2], 0, [-1, -1])
(12, 27, 'wall', [2, 2], 0, [-1, -1])
(12, 28, 'wall', [3, 2], 0, [-1, -1])
(12, 29, 'wall', [0, 0], 0, [-1, -1])
(12, 30, 'wall', [0, 0], 0, [-1, -1])
(12, 31, 'wall', [1, 1], 0, [-1, -1])
(12, 32, 'wall', [4, 3], 0, [-1, -1])
(12, 33, 'wall', [4, 3], 0, [-1, -1])
(12, 34, 'wall', [4, 3], 0, [-1, -1])
(12, 35, 'wall', [4, 3], 0, [-1, -1])
(12, 36, 'wall', [4, 3], 0, [-1, -1])
(12, 37, 'wall', [4, 3], 0, [-1, -1])
(12, 38, 'wall', [4, 3], 0, [-1, -1])
(12, 39, 'wall', [11, 4], 0, [-1, -1])
(12, 40, 'floor', [2, 4], 90, [-1, -1])
(12, 41, 'floor', [0, 4], 0, [-1, -1])
(12, 42, 'wall', [3, 1], 0, [-1, -1])
(12, 43, 'wall', [0, 0], 0, [-1, -1])
(13, 0, 'wall', [0, 0], 0, [-1, -1])
(13, 1, 'wall', [1, 1], 0, [-1, -1])
(13, 2, 'floor', [2, 4], 90, [-1, -1])
(13, 3, 'floor', [0, 4], 0, [-1, -1])
(13, 4, 'floor', [0, 4], 0, [-1, -1])
(13, 5, 'floor', [0, 4], 0, [-1, -1])
(13, 6, 'floor', [0, 4], 0, [-1, -1])
(13, 7, 'floor', [0, 4], 0, [-1, -1])
(13, 8, 'floor', [0, 4], 0, [-1, -1])
(13, 9, 'floor', [0, 4], 0, [-1, -1])
(13, 10, 'floor', [0, 4], 0, [-1, -1])
(13, 11, 'floor', [0, 4], 0, [-1, -1])
(13, 12, 'floor', [0, 4], 0, [-1, -1])
(13, 13, 'floor', [0, 4], 0, [-1, -1])
(13, 14, 'floor', [1, 4], 0, [-1, -1])
(13, 15, 'floor', [0, 4], 90, [-1, -1])
(13, 16, 'floor', [0, 4], 0, [-1, -1])
(13, 17, 'wall', [3, 1], 0, [-1, -1])
(13, 18, 'wall', [1, 1], 0, [-1, -1])
(13, 19, 'wall', [4, 3], 0, [5, 2])
(13, 20, 'wall', [4, 3], 0, [8, 1])
(13, 21, 'wall', [4, 3], 0, [5, 2])
(13, 22, 'wall', [3, 1], 0, [-1, -1])
(13, 23, 'wall', [0, 0], 0, [-1, -1])
(13, 24, 'wall', [0, 0], 0, [-1, -1])
(13, 25, 'wall', [0, 0], 0, [-1, -1])
(13, 26, 'wall', [0, 0], 0, [-1, -1])
(13, 27, 'wall', [0, 0], 0, [-1, -1])
(13, 28, 'wall', [0, 0], 720, [0, 1])
(13, 29, 'wall', [1, 0], 0, [-1, -1])
(13, 30, 'wall', [2, 0], 0, [-1, -1])
(13, 31, 'wall', [5, 1], 0, [-1, -1])
(13, 32, 'floor', [4, 4], 90, [0, 6])
(13, 33, 'floor', [2, 4], 0, [3, 4])
(13, 34, 'floor', [2, 4], 0, [-1, -1])
(13, 35, 'floor', [2, 4], 0, [-1, -1])
(13, 36, 'floor', [2, 4], 0, [-1, -1])
(13, 37, 'floor', [2, 4], 0, [3, 4])
(13, 38, 'floor', [2, 4], 0, [-1, -1])
(13, 39, 'floor', [2, 4], 0, [-1, -1])
(13, 40, 'floor', [0, 4], 0, [-1, -1])
(13, 41, 'floor', [0, 4], 0, [-1, -1])
(13, 42, 'wall', [3, 1], 0, [-1, -1])
(13, 43, 'wall', [0, 0], 0, [-1, -1])
(14, 0, 'wall', [0, 0], 0, [-1, -1])
(14, 1, 'wall', [1, 1], 0, [-1, -1])
(14, 2, 'floor', [2, 4], 90, [-1, -1])
(14, 3, 'floor', [0, 4], 0, [6, 3])
(14, 4, 'floor', [0, 4], 0, [-1, -1])
(14, 5, 'wall', [4, 0], 0, [-1, -1])
(14, 6, 'wall', [2, 2], 0, [-1, -1])
(14, 7, 'wall', [2, 2], 0, [-1, -1])
(14, 8, 'wall', [2, 2], 0, [-1, -1])
(14, 9, 'wall', [2, 2], 0, [-1, -1])
(14, 10, 'wall', [2, 2], 0, [-1, -1])
(14, 11, 'wall', [5, 0], 0, [-1, -1])
(14, 12, 'floor', [2, 4], 90, [-1, -1])
(14, 13, 'floor', [0, 4], 0, [6, 3])
(14, 14, 'floor', [0, 4], 0, [-1, -1])
(14, 15, 'wall', [4, 0], 0, [-1, -1])
(14, 16, 'wall', [2, 2], 0, [-1, -1])
(14, 17, 'wall', [3, 2], 0, [-1, -1])
(14, 18, 'wall', [1, 1], 0, [-1, -1])
(14, 19, 'floor', [4, 4], 90, [-1, -1])
(14, 20, 'floor', [2, 4], 0, [8, 2])
(14, 21, 'floor', [2, 4], 0, [3, 4])
(14, 22, 'wall', [4, 1], 0, [-1, -1])
(14, 23, 'wall', [2, 0], 0, [-1, -1])
(14, 24, 'wall', [2, 0], 0, [-1, -1])
(14, 25, 'wall', [2, 0], 0, [-1, -1])
(14, 26, 'wall', [2, 0], 0, [-1, -1])
(14, 27, 'wall', [2, 0], 0, [-1, -1])
(14, 28, 'wall', [2, 0], 0, [-1, -1])
(14, 29, 'wall', [2, 0], 0, [5, 1])
(14, 30, 'wall', [4, 3], 0, [-1, -1])
(14, 31, 'wall', [11, 4], 0, [-1, -1])
(14, 32, 'floor', [2, 4], 90, [-1, -1])
(14, 33, 'floor', [0, 4], 90, [-1, -1])
(14, 34, 'floor', [0, 4], 0, [6, 3])
(14, 35, 'floor', [0, 4], 0, [-1, -1])
(14, 36, 'floor', [0, 4], 0, [-1, -1])
(14, 37, 'floor', [0, 4], 0, [-1, -1])
(14, 38, 'floor', [0, 4], 0, [-1, -1])
(14, 39, 'floor', [1, 4], 0, [-1, -1])
(14, 40, 'floor', [0, 4], 0, [-1, -1])
(14, 41, 'floor', [0, 4], 90, [-1, -1])
(14, 42, 'wall', [3, 1], 0, [-1, -1])
(14, 43, 'wall', [0, 0], 0, [-1, -1])
(15, 0, 'wall', [0, 0], 0, [-1, -1])
(15, 1, 'wall', [1, 1], 0, [-1, -1])
(15, 2, 'floor', [2, 4], 90, [-1, -1])
(15, 3, 'floor', [0, 4], 0, [-1, -1])
(15, 4, 'floor', [0, 4], 0, [-1, -1])
(15, 5, 'wall', [4, 1], 0, [-1, -1])
(15, 6, 'wall', [2, 0], 0, [-1, -1])
(15, 7, 'wall', [2, 0], 0, [-1, -1])
(15, 8, 'wall', [3, 0], 0, [-1, -1])
(15, 9, 'wall', [0, 0], 720, [0, 1])
(15, 10, 'wall', [0, 0], 0, [-1, -1])
(15, 11, 'wall', [1, 1], 0, [-1, -1])
(15, 12, 'floor', [2, 4], 90, [-1, -1])
(15, 13, 'floor', [0, 4], 0, [-1, -1])
(15, 14, 'floor', [0, 4], 0, [-1, -1])
(15, 15, 'wall', [4, 1], 0, [-1, -1])
(15, 16, 'wall', [2, 0], 0, [-1, -1])
(15, 17, 'wall', [2, 0], 0, [-1, -1])
(15, 18, 'wall', [5, 1], 0, [-1, -1])
(15, 19, 'floor', [2, 4], 90, [-1, -1])
(15, 20, 'floor', [0, 4], 0, [-1, -1])
(15, 21, 'floor', [0, 4], 0, [-1, -1])
(15, 22, 'wall', [9, 4], 0, [-1, -1])
(15, 23, 'wall', [4, 3], 0, [-1, -1])
(15, 24, 'wall', [4, 3], 0, [-1, -1])
(15, 25, 'wall', [4, 3], 0, [-1, -1])
(15, 26, 'wall', [4, 3], 0, [-1, -1])
(15, 27, 'wall', [4, 3], 0, [-1, -1])
(15, 28, 'wall', [4, 3], 0, [-1, -1])
(15, 29, 'wall', [11, 4], 0, [-1, -1])
(15, 30, 'floor', [4, 4], 90, [-1, -1])
(15, 31, 'floor', [2, 4], 0, [2, 4])
(15, 32, 'floor', [0, 4], 90, [-1, -1])
(15, 33, 'floor', [0, 4], 0, [-1, -1])
(15, 34, 'floor', [0, 4], 0, [-1, -1])
(15, 35, 'floor', [0, 4], 0, [-1, -1])
(15, 36, 'floor', [0, 4], 0, [-1, -1])
(15, 37, 'floor', [0, 4], 0, [-1, -1])
(15, 38, 'floor', [0, 4], 0, [6, 3])
(15, 39, 'floor', [0, 4], 0, [-1, -1])
(15, 40, 'floor', [0, 4], 0, [-1, -1])
(15, 41, 'floor', [0, 4], 0, [-1, -1])
(15, 42, 'wall', [3, 1], 0, [-1, -1])
(15, 43, 'wall', [0, 0], 0, [-1, -1])
(16, 0, 'wall', [0, 0], 0, [-1, -1])
(16, 1, 'wall', [1, 1], 0, [-1, -1])
(16, 2, 'floor', [2, 4], 90, [-1, -1])
(16, 3, 'floor', [0, 4], 0, [-1, -1])
(16, 4, 'floor', [0, 4], 0, [-1, -1])
(16, 5, 'wall', [9, 4], 0, [-1, -1])
(16, 6, 'wall', [4, 3], 0, [-1, -1])
(16, 7, 'wall', [4, 3], 0, [-1, -1])
(16, 8, 'wall', [3, 1], 0, [-1, -1])
(16, 9, 'wall', [0, 0], 0, [-1, -1])
(16, 10, 'wall', [0, 0], 0, [-1, -1])
(16, 11, 'wall', [1, 1], 0, [-1, -1])
(16, 12, 'floor', [2, 4], 90, [-1, -1])
(16, 13, 'floor', [1, 4], 0, [-1, -1])
(16, 14, 'floor', [0, 4], 0, [-1, -1])
(16, 15, 'wall', [9, 4], 0, [-1, -1])
(16, 16, 'wall', [4, 3], 0, [-1, -1])
(16, 17, 'wall', [4, 3], 0, [-1, -1])
(16, 18, 'wall', [11, 4], 0, [-1, -1])
(16, 19, 'floor', [2, 4], 90, [-1, -1])
(16, 20, 'floor', [0, 4], 0, [-1, -1])
(16, 21, 'floor', [0, 4], 0, [6, 3])
(16, 22, 'floor', [2, 4], 0, [-1, -1])
(16, 23, 'floor', [2, 4], 0, [-1, -1])
(16, 24, 'floor', [2, 4], 0, [-1, -1])
(16, 25, 'floor', [2, 4], 0, [3, 4])
(16, 26, 'floor', [2, 4], 0, [-1, -1])
(16, 27, 'floor', [2, 4], 0, [-1, -1])
(16, 28, 'floor', [2, 4], 0, [-1, -1])
(16, 29, 'floor', [2, 4], 0, [-1, -1])
(16, 30, 'floor', [0, 4], 90, [-1, -1])
(16, 31, 'floor', [0, 4], 90, [-1, -1])
(16, 32, 'floor', [0, 4], 90, [-1, -1])
(16, 33, 'floor', [0, 4], 0, [-1, -1])
(16, 34, 'wall', [4, 0], 0, [-1, -1])
(16, 35, 'wall', [2, 2], 0, [-1, -1])
(16, 36, 'wall', [2, 2], 0, [-1, -1])
(16, 37, 'wall', [5, 0], 0, [-1, -1])
(16, 38, 'floor', [2, 4], 90, [-1, -1])
(16, 39, 'floor', [0, 4], 0, [-1, -1])
(16, 40, 'wall', [4, 0], 0, [-1, -1])
(16, 41, 'wall', [2, 2], 0, [-1, -1])
(16, 42, 'wall', [3, 2], 0, [-1, -1])
(16, 43, 'wall', [0, 0], 0, [-1, -1])
(17, 0, 'wall', [0, 0], 0, [-1, -1])
(17, 1, 'wall', [1, 1], 0, [-1, -1])
(17, 2, 'floor', [2, 4], 90, [-1, -1])
(17, 3, 'floor', [0, 4], 0, [-1, -1])
(17, 4, 'floor', [0, 4], 0, [-1, -1])
(17, 5, 'floor', [2, 4], 0, [-1, -1])
(17, 6, 'floor', [2, 4], 0, [-1, -1])
(17, 7, 'floor', [2, 4], 720, [2, 6])
(17, 8, 'wall', [3, 1], 0, [-1, -1])
(17, 9, 'wall', [0, 0], 0, [-1, -1])
(17, 10, 'wall', [0, 0], 0, [-1, -1])
(17, 11, 'wall', [1, 1], 0, [-1, -1])
(17, 12, 'floor', [2, 4], 90, [-1, -1])
(17, 13, 'floor', [0, 4], 0, [-1, -1])
(17, 14, 'floor', [0, 4], 0, [-1, -1])
(17, 15, 'floor', [2, 4], 0, [-1, -1])
(17, 16, 'floor', [2, 4], 0, [3, 4])
(17, 17, 'floor', [2, 4], 0, [-1, -1])
(17, 18, 'floor', [2, 4], 0, [-1, -1])
(17, 19, 'floor', [1, 4], 0, [-1, -1])
(17, 20, 'floor', [0, 4], 0, [-1, -1])
(17, 21, 'floor', [0, 4], 0, [-1, -1])
(17, 22, 'floor', [0, 4], 0, [-1, -1])
(17, 23, 'floor', [0, 4], 0, [-1, -1])
(17, 24, 'floor', [0, 4], 0, [-1, -1])
(17, 25, 'floor', [0, 4], 0, [-1, -1])
(17, 26, 'floor', [0, 4], 0, [-1, -1])
(17, 27, 'floor', [0, 4], 0, [-1, -1])
(17, 28, 'floor', [0, 4], 0, [6, 3])
(17, 29, 'floor', [0, 4], 0, [-1, -1])
(17, 30, 'floor', [0, 4], 0, [-1, -1])
(17, 31, 'floor', [0, 4], 0, [-1, -1])
(17, 32, 'floor', [0, 4], 0, [-1, -1])
(17, 33, 'floor', [0, 4], 0, [-1, -1])
(17, 34, 'wall', [3, 1], 0, [-1, -1])
(17, 35, 'wall', [0, 0], 720, [0, 1])
(17, 36, 'wall', [1, 0], 0, [-1, -1])
(17, 37, 'wall', [5, 1], 0, [-1, -1])
(17, 38, 'floor', [2, 4], 90, [-1, -1])
(17, 39, 'floor', [0, 4], 0, [-1, -1])
(17, 40, 'wall', [4, 1], 0, [-1, -1])
(17, 41, 'wall', [3, 0], 0, [-1, -1])
(17, 42, 'wall', [0, 0], 720, [0, 2])
(17, 43, 'wall', [0, 0], 0, [-1, -1])
(18, 0, 'wall', [0, 0], 0, [-1, -1])
(18, 1, 'wall', [1, 1], 0, [-1, -1])
(18, 2, 'floor', [2, 4], 90, [-1, -1])
(18, 3, 'floor', [0, 4], 0, [-1, -1])
(18, 4, 'floor', [0, 4], 0, [-1, -1])
(18, 5, 'floor', [0, 4], 0, [-1, -1])
(18, 6, 'floor', [0, 4], 0, [-1, -1])
(18, 7, 'floor', [0, 4], 0, [-1, -1])
(18, 8, 'wall', [3, 1], 0, [-1, -1])
(18, 9, 'wall', [0, 0], 0, [-1, -1])
(18, 10, 'wall', [0, 0], 720, [0, 2])
(18, 11, 'wall', [1, 1], 0, [-1, -1])
(18, 12, 'floor', [2, 4], 90, [-1, -1])
(18, 13, 'floor', [0, 4], 0, [-1, -1])
(18, 14, 'floor', [1, 4], 0, [-1, -1])
(18, 15, 'floor', [0, 4], 0, [-1, -1])
(18, 16, 'floor', [0, 4], 0, [-1, -1])
(18, 17, 'floor', [0, 4], 0, [-1, -1])
(18, 18, 'floor', [0, 4], 0, [-1, -1])
(18, 19, 'floor', [0, 4], 0, [-1, -1])
(18, 20, 'floor', [0, 4], 0, [-1, -1])
(18, 21, 'floor', [0, 4], 0, [-1, -1])
(18, 22, 'floor', [0, 4], 0, [-1, -1])
(18, 23, 'floor', [0, 4], 0, [3, 5])
(18, 24, 'wall', [4, 0], 0, [-1, -1])
(18, 25, 'wall', [2, 2], 0, [-1, -1])
(18, 26, 'wall', [2, 2], 0, [-1, -1])
(18, 27, 'wall', [2, 2], 0, [-1, -1])
(18, 28, 'wall', [2, 2], 0, [-1, -1])
(18, 29, 'wall', [2, 2], 0, [-1, -1])
(18, 30, 'wall', [2, 2], 0, [-1, -1])
(18, 31, 'wall', [2, 2], 0, [-1, -1])
(18, 32, 'wall', [2, 2], 0, [-1, -1])
(18, 33, 'wall', [2, 2], 0, [-1, -1])
(18, 34, 'wall', [3, 2], 0, [-1, -1])
(18, 35, 'wall', [0, 0], 0, [-1, -1])
(18, 36, 'wall', [1, 1], 0, [-1, -1])
(18, 37, 'wall', [11, 4], 0, [-1, -1])
(18, 38, 'floor', [2, 4], 90, [-1, -1])
(18, 39, 'floor', [0, 4], 0, [-1, -1])
(18, 40, 'wall', [9, 4], 0, [-1, -1])
(18, 41, 'wall', [3, 1], 0, [-1, -1])
(18, 42, 'wall', [0, 0], 0, [-1, -1])
(18, 43, 'wall', [0, 0], 0, [-1, -1])
(19, 0, 'wall', [0, 0], 0, [-1, -1])
(19, 1, 'wall', [1, 1], 0, [-1, -1])
(19, 2, 'floor', [2, 4], 90, [-1, -1])
(19, 3, 'floor', [0, 4], 0, [-1, -1])
(19, 4, 'floor', [0, 4], 0, [-1, -1])
(19, 5, 'floor', [0, 4], 0, [-1, -1])
(19, 6, 'floor', [0, 4], 0, [-1, -1])
(19, 7, 'floor', [0, 4], 2160, [7, 9])
(19, 8, 'wall', [3, 1], 0, [-1, -1])
(19, 9, 'wall', [0, 0], 0, [-1, -1])
(19, 10, 'wall', [0, 0], 0, [-1, -1])
(19, 11, 'wall', [1, 1], 0, [-1, -1])
(19, 12, 'floor', [2, 4], 90, [-1, -1])
(19, 13, 'floor', [0, 4], 0, [-1, -1])
(19, 14, 'floor', [0, 4], 0, [-1, -1])
(19, 15, 'wall', [4, 0], 0, [-1, -1])
(19, 16, 'wall', [2, 2], 0, [-1, -1])
(19, 17, 'wall', [2, 2], 0, [-1, -1])
(19, 18, 'wall', [2, 2], 0, [-1, -1])
(19, 19, 'wall', [2, 2], 0, [-1, -1])
(19, 20, 'wall', [2, 2], 0, [-1, -1])
(19, 21, 'wall', [2, 2], 0, [-1, -1])
(19, 22, 'wall', [2, 2], 0, [-1, -1])
(19, 23, 'wall', [2, 2], 0, [-1, -1])
(19, 24, 'wall', [3, 2], 0, [-1, -1])
(19, 25, 'wall', [0, 0], 0, [-1, -1])
(19, 26, 'wall', [0, 0], 0, [-1, -1])
(19, 27, 'wall', [0, 0], 0, [-1, -1])
(19, 28, 'wall', [0, 0], 0, [-1, -1])
(19, 29, 'wall', [0, 0], 0, [-1, -1])
(19, 30, 'wall', [0, 0], 720, [0, 1])
(19, 31, 'wall', [0, 0], 0, [-1, -1])
(19, 32, 'wall', [0, 0], 0, [-1, -1])
(19, 33, 'wall', [0, 0], 0, [-1, -1])
(19, 34, 'wall', [0, 0], 0, [-1, -1])
(19, 35, 'wall', [0, 0], 720, [0, 2])
(19, 36, 'wall', [1, 1], 0, [-1, -1])
(19, 37, 'floor', [4, 4], 90, [10, 6])
(19, 38, 'floor', [0, 4], 90, [-1, -1])
(19, 39, 'floor', [0, 4], 0, [-1, -1])
(19, 40, 'floor', [2, 4], 2160, [7, 9])
(19, 41, 'wall', [3, 1], 0, [-1, -1])
(19, 42, 'wall', [0, 0], 720, [0, 1])
(19, 43, 'wall', [0, 0], 0, [-1, -1])
(20, 0, 'wall', [0, 0], 0, [-1, -1])
(20, 1, 'wall', [1, 2], 0, [-1, -1])
(20, 2, 'wall', [2, 2], 0, [-1, -1])
(20, 3, 'wall', [2, 2], 0, [-1, -1])
(20, 4, 'wall', [2, 2], 0, [-1, -1])
(20, 5, 'wall', [2, 2], 0, [-1, -1])
(20, 6, 'wall', [2, 2], 0, [-1, -1])
(20, 7, 'wall', [2, 2], 0, [-1, -1])
(20, 8, 'wall', [3, 2], 0, [-1, -1])
(20, 9, 'wall', [1, 0], 0, [-1, -1])
(20, 10, 'wall', [2, 0], 0, [-1, -1])
(20, 11, 'wall', [5, 1], 0, [-1, -1])
(20, 12, 'floor', [2, 4], 90, [-1, -1])
(20, 13, 'floor', [0, 4], 0, [-1, -1])
(20, 14, 'floor', [0, 4], 0, [6, 3])
(20, 15, 'wall', [4, 1], 0, [-1, -1])
(20, 16, 'wall', [2, 0], 0, [-1, -1])
(20, 17, 'wall', [2, 0], 0, [-1, -1])
(20, 18, 'wall', [2, 0], 0, [-1, -1])
(20, 19, 'wall', [2, 0], 0, [-1, -1])
(20, 20, 'wall', [2, 0], 0, [-1, -1])
(20, 21, 'wall', [2, 0], 0, [-1, -1])
(20, 22, 'wall', [2, 0], 0, [-1, -1])
(20, 23, 'wall', [2, 0], 0, [-1, -1])
(20, 24, 'wall', [2, 0], 0, [-1, -1])
(20, 25, 'wall', [2, 0], 0, [-1, -1])
(20, 26, 'wall', [2, 0], 0, [-1, -1])
(20, 27, 'wall', [2, 0], 0, [-1, -1])
(20, 28, 'wall', [2, 0], 0, [-1, -1])
(20, 29, 'wall', [2, 0], 0, [-1, -1])
(20, 30, 'wall', [2, 0], 0, [-1, -1])
(20, 31, 'wall', [2, 0], 0, [-1, -1])
(20, 32, 'wall', [2, 0], 0, [-1, -1])
(20, 33, 'wall', [2, 0], 0, [-1, -1])
(20, 34, 'wall', [2, 0], 0, [-1, -1])
(20, 35, 'wall', [2, 0], 0, [-1, -1])
(20, 36, 'wall', [5, 1], 0, [-1, -1])
(20, 37, 'floor', [2, 4], 90, [-1, -1])
(20, 38, 'floor', [0, 4], 90, [-1, -1])
(20, 39, 'floor', [0, 4], 0, [-1, -1])
(20, 40, 'floor', [0, 4], 0, [-1, -1])
(20, 41, 'wall', [3, 1], 0, [-1, -1])
(20, 42, 'wall', [0, 0], 0, [-1, -1])
(20, 43, 'wall', [0, 0], 0, [-1, -1])
(21, 0, 'wall', [0, 0], 0, [-1, -1])
(21, 1, 'wall', [0, 0], 0, [-1, -1])
(21, 2, 'wall', [0, 0], 720, [0, 1])
(21, 3, 'wall', [0, 0], 0, [-1, -1])
(21, 4, 'wall', [0, 0], 0, [-1, -1])
(21, 5, 'wall', [0, 0], 0, [-1, -1])
(21, 6, 'wall', [0, 0], 0, [-1, -1])
(21, 7, 'wall', [0, 0], 0, [-1, -1])
(21, 8, 'wall', [0, 0], 0, [-1, -1])
(21, 9, 'wall', [1, 1], 0, [-1, -1])
(21, 10, 'wall', [4, 3], 0, [-1, -1])
(21, 11, 'wall', [11, 4], 0, [-1, -1])
(21, 12, 'floor', [2, 4], 90, [-1, -1])
(21, 13, 'floor', [0, 4], 0, [-1, -1])
(21, 14, 'floor', [0, 4], 0, [-1, -1])
(21, 15, 'wall', [9, 4], 0, [-1, -1])
(21, 16, 'wall', [4, 3], 0, [-1, -1])
(21, 17, 'wall', [4, 3], 0, [-1, -1])
(21, 18, 'wall', [4, 3], 0, [-1, -1])
(21, 19, 'wall', [4, 3], 0, [-1, -1])
(21, 20, 'wall', [4, 3], 0, [-1, -1])
(21, 21, 'wall', [4, 3], 0, [-1, -1])
(21, 22, 'wall', [4, 3], 0, [-1, -1])
(21, 23, 'wall', [4, 3], 0, [-1, -1])
(21, 24, 'wall', [4, 3], 0, [-1, -1])
(21, 25, 'wall', [4, 3], 0, [-1, -1])
(21, 26, 'wall', [4, 3], 0, [-1, -1])
(21, 27, 'wall', [4, 3], 0, [-1, -1])
(21, 28, 'wall', [4, 3], 0, [-1, -1])
(21, 29, 'wall', [4, 3], 0, [-1, -1])
(21, 30, 'wall', [4, 3], 0, [-1, -1])
(21, 31, 'wall', [4, 3], 0, [-1, -1])
(21, 32, 'wall', [4, 3], 0, [-1, -1])
(21, 33, 'wall', [4, 3], 0, [-1, -1])
(21, 34, 'wall', [4, 3], 0, [-1, -1])
(21, 35, 'wall', [4, 3], 0, [-1, -1])
(21, 36, 'wall', [11, 4], 0, [-1, -1])
(21, 37, 'floor', [2, 4], 90, [-1, -1])
(21, 38, 'floor', [0, 4], 90, [-1, -1])
(21, 39, 'floor', [0, 4], 0, [-1, -1])
(21, 40, 'floor', [0, 4], 0, [-1, -1])
(21, 41, 'wall', [3, 1], 0, [-1, -1])
(21, 42, 'wall', [0, 0], 0, [-1, -1])
(21, 43, 'wall', [0, 0], 0, [-1, -1])
(22, 0, 'wall', [0, 0], 0, [-1, -1])
(22, 1, 'wall', [1, 0], 0, [-1, -1])
(22, 2, 'wall', [2, 0], 0, [-1, -1])
(22, 3, 'wall', [2, 0], 0, [-1, -1])
(22, 4, 'wall', [2, 0], 0, [-1, -1])
(22, 5, 'wall', [2, 0], 0, [-1, -1])
(22, 6, 'wall', [2, 0], 0, [-1, -1])
(22, 7, 'wall', [3, 0], 0, [-1, -1])
(22, 8, 'wall', [0, 0], 0, [-1, -1])
(22, 9, 'wall', [1, 1], 0, [-1, -1])
(22, 10, 'floor', [4, 4], 90, [-1, -1])
(22, 11, 'floor', [2, 4], 0, [-1, -1])
(22, 12, 'floor', [1, 4], 0, [-1, -1])
(22, 13, 'floor', [0, 4], 0, [-1, -1])
(22, 14, 'floor', [0, 4], 0, [-1, -1])
(22, 15, 'floor', [2, 4], 0, [-1, -1])
(22, 16, 'floor', [2, 4], 0, [-1, -1])
(22, 17, 'floor', [2, 4], 0, [-1, -1])
(22, 18, 'floor', [2, 4], 0, [-1, -1])
(22, 19, 'floor', [2, 4], 0, [-1, -1])
(22, 20, 'floor', [2, 4], 0, [-1, -1])
(22, 21, 'floor', [2, 4], 0, [-1, -1])
(22, 22, 'floor', [2, 4], 0, [-1, -1])
(22, 23, 'floor', [2, 4], 0, [-1, -1])
(22, 24, 'floor', [2, 4], 0, [-1, -1])
(22, 25, 'floor', [2, 4], 0, [-1, -1])
(22, 26, 'floor', [2, 4], 0, [-1, -1])
(22, 27, 'floor', [2, 4], 0, [-1, -1])
(22, 28, 'floor', [2, 4], 0, [-1, -1])
(22, 29, 'floor', [2, 4], 0, [-1, -1])
(22, 30, 'floor', [2, 4], 0, [-1, -1])
(22, 31, 'floor', [2, 4], 0, [-1, -1])
(22, 32, 'floor', [2, 4], 0, [-1, -1])
(22, 33, 'floor', [2, 4], 0, [-1, -1])
(22, 34, 'floor', [2, 4], 0, [-1, -1])
(22, 35, 'floor', [2, 4], 0, [-1, -1])
(22, 36, 'floor', [2, 4], 0, [-1, -1])
(22, 37, 'floor', [0, 4], 90, [-1, -1])
(22, 38, 'floor', [0, 4], 0, [-1, -1])
(22, 39, 'floor', [0, 4], 0, [-1, -1])
(22, 40, 'floor', [0, 4], 0, [-1, -1])
(22, 41, 'wall', [3, 1], 0, [-1, -1])
(22, 42, 'wall', [0, 0], 0, [-1, -1])
(22, 43, 'wall', [0, 0], 720, [0, 2])
(23, 0, 'wall', [0, 0], 0, [-1, -1])
(23, 1, 'wall', [1, 1], 0, [-1, -1])
(23, 2, 'wall', [4, 3], 0, [-1, -1])
(23, 3, 'wall', [4, 3], 0, [-1, -1])
(23, 4, 'wall', [4, 3], 0, [-1, -1])
(23, 5, 'wall', [4, 3], 0, [-1, -1])
(23, 6, 'wall', [4, 3], 0, [-1, -1])
(23, 7, 'wall', [3, 1], 0, [-1, -1])
(23, 8, 'wall', [0, 0], 0, [-1, -1])
(23, 9, 'wall', [1, 1], 0, [-1, -1])
(23, 10, 'floor', [2, 4], 90, [-1, -1])
(23, 11, 'floor', [0, 4], 90, [-1, -1])
(23, 12, 'floor', [0, 4], 0, [-1, -1])
(23, 13, 'floor', [0, 4], 0, [-1, -1])
(23, 14, 'floor', [0, 4], 0, [-1, -1])
(23, 15, 'floor', [0, 4], 0, [-1, -1])
(23, 16, 'floor', [0, 4], 0, [-1, -1])
(23, 17, 'floor', [0, 4], 0, [-1, -1])
(23, 18, 'floor', [1, 4], 0, [-1, -1])
(23, 19, 'floor', [0, 4], 0, [-1, -1])
(23, 20, 'floor', [0, 4], 0, [-1, -1])
(23, 21, 'floor', [0, 4], 0, [-1, -1])
(23, 22, 'floor', [0, 4], 1710, [6, 3])
(23, 23, 'floor', [0, 4], 0, [-1, -1])
(23, 24, 'floor', [0, 4], 0, [-1, -1])
(23, 25, 'floor', [0, 4], 0, [-1, -1])
(23, 26, 'floor', [0, 4], 90, [-1, -1])
(23, 27, 'floor', [0, 4], 0, [-1, -1])
(23, 28, 'floor', [0, 4], 0, [-1, -1])
(23, 29, 'floor', [0, 4], 0, [-1, -1])
(23, 30, 'floor', [0, 4], 0, [-1, -1])
(23, 31, 'floor', [0, 4], 0, [-1, -1])
(23, 32, 'floor', [0, 4], 0, [-1, -1])
(23, 33, 'floor', [0, 4], 0, [-1, -1])
(23, 34, 'floor', [0, 4], 0, [-1, -1])
(23, 35, 'floor', [0, 4], 0, [-1, -1])
(23, 36, 'floor', [0, 4], 0, [-1, -1])
(23, 37, 'floor', [1, 4], 90, [-1, -1])
(23, 38, 'floor', [0, 4], 0, [-1, -1])
(23, 39, 'floor', [0, 4], 0, [-1, -1])
(23, 40, 'floor', [0, 4], 0, [-1, -1])
(23, 41, 'wall', [3, 1], 0, [-1, -1])
(23, 42, 'wall', [0, 0], 0, [-1, -1])
(23, 43, 'wall', [0, 0], 0, [-1, -1])
(24, 0, 'wall', [0, 0], 0, [-1, -1])
(24, 1, 'wall', [1, 1], 0, [-1, -1])
(24, 2, 'floor', [4, 4], 90, [7, 9])
(24, 3, 'floor', [2, 4], 0, [-1, -1])
(24, 4, 'floor', [2, 4], 0, [-1, -1])
(24, 5, 'floor', [2, 4], 0, [-1, -1])
(24, 6, 'floor', [2, 4], 0, [5, 7])
(24, 7, 'wall', [3, 1], 0, [-1, -1])
(24, 8, 'wall', [0, 0], 720, [0, 2])
(24, 9, 'wall', [1, 1], 0, [-1, -1])
(24, 10, 'floor', [2, 4], 90, [-1, -1])
(24, 11, 'floor', [0, 4], 90, [-1, -1])
(24, 12, 'floor', [0, 4], 0, [-1, -1])
(24, 13, 'floor', [0, 4], 0, [-1, -1])
(24, 14, 'floor', [0, 4], 0, [-1, -1])
(24, 15, 'wall', [4, 0], 0, [-1, -1])
(24, 16, 'wall', [2, 2], 0, [-1, -1])
(24, 17, 'wall', [5, 0], 0, [-1, -1])
(24, 18, 'floor', [2, 4], 90, [-1, -1])
(24, 19, 'floor', [0, 4], 0, [-1, -1])
(24, 20, 'floor', [0, 4], 0, [-1, -1])
(24, 21, 'floor', [0, 4], 0, [-1, -1])
(24, 22, 'floor', [0, 4], 0, [-1, -1])
(24, 23, 'floor', [0, 4], 0, [-1, -1])
(24, 24, 'wall', [4, 0], 0, [-1, -1])
(24, 25, 'wall', [2, 2], 0, [-1, -1])
(24, 26, 'wall', [5, 0], 0, [-1, -1])
(24, 27, 'floor', [2, 4], 90, [-1, -1])
(24, 28, 'floor', [1, 4], 0, [-1, -1])
(24, 29, 'floor', [0, 4], 0, [-1, -1])
(24, 30, 'floor', [0, 4], 0, [-1, -1])
(24, 31, 'wall', [4, 0], 0, [-1, -1])
(24, 32, 'wall', [2, 2], 0, [-1, -1])
(24, 33, 'wall', [2, 2], 0, [-1, -1])
(24, 34, 'wall', [2, 2], 0, [-1, -1])
(24, 35, 'wall', [2, 2], 0, [-1, -1])
(24, 36, 'wall', [5, 0], 0, [-1, -1])
(24, 37, 'floor', [2, 4], 90, [-1, -1])
(24, 38, 'floor', [0, 4], 0, [-1, -1])
(24, 39, 'floor', [0, 4], 0, [-1, -1])
(24, 40, 'floor', [0, 4], 0, [-1, -1])
(24, 41, 'wall', [3, 1], 0, [-1, -1])
(24, 42, 'wall', [0, 0], 0, [-1, -1])
(24, 43, 'wall', [0, 0], 0, [-1, -1])
(25, 0, 'wall', [0, 0], 0, [-1, -1])
(25, 1, 'wall', [1, 1], 0, [-1, -1])
(25, 2, 'floor', [2, 4], 90, [-1, -1])
(25, 3, 'floor', [0, 4], 0, [-1, -1])
(25, 4, 'floor', [0, 4], 0, [-1, -1])
(25, 5, 'floor', [0, 4], 1710, [1, 4])
(25, 6, 'floor', [0, 4], 0, [-1, -1])
(25, 7, 'wall', [4, 1], 0, [-1, -1])
(25, 8, 'wall', [2, 0], 0, [-1, -1])
(25, 9, 'wall', [5, 1], 0, [-1, -1])
(25, 10, 'floor', [2, 4], 90, [-1, -1])
(25, 11, 'floor', [0, 4], 90, [-1, -1])
(25, 12, 'floor', [0, 4], 0, [-1, -1])
(25, 13, 'floor', [0, 4], 0, [-1, -1])
(25, 14, 'wall', [4, 0], 0, [-1, -1])
(25, 15, 'wall', [3, 2], 0, [-1, -1])
(25, 16, 'wall', [0, 0], 0, [-1, -1])
(25, 17, 'wall', [1, 2], 0, [-1, -1])
(25, 18, 'wall', [5, 0], 0, [-1, -1])
(25, 19, 'floor', [2, 4], 90, [-1, -1])
(25, 20, 'floor', [0, 4], 0, [-1, -1])
(25, 21, 'floor', [1, 4], 0, [-1, -1])
(25, 22, 'floor', [0, 4], 0, [-1, -1])
(25, 23, 'wall', [4, 0], 0, [-1, -1])
(25, 24, 'wall', [3, 2], 0, [-1, -1])
(25, 25, 'wall', [0, 0], 0, [-1, -1])
(25, 26, 'wall', [1, 2], 0, [-1, -1])
(25, 27, 'wall', [5, 0], 0, [-1, -1])
(25, 28, 'floor', [2, 4], 90, [-1, -1])
(25, 29, 'floor', [0, 4], 0, [-1, -1])
(25, 30, 'floor', [0, 4], 0, [-1, -1])
(25, 31, 'wall', [3, 1], 0, [-1, -1])
(25, 32, 'wall', [0, 0], 720, [0, 2])
(25, 33, 'wall', [0, 0], 0, [-1, -1])
(25, 34, 'wall', [0, 0], 0, [-1, -1])
(25, 35, 'wall', [0, 0], 0, [-1, -1])
(25, 36, 'wall', [1, 1], 0, [-1, -1])
(25, 37, 'floor', [2, 4], 90, [-1, -1])
(25, 38, 'floor', [0, 4], 0, [-1, -1])
(25, 39, 'floor', [0, 4], 0, [-1, -1])
(25, 40, 'floor', [0, 4], 0, [-1, -1])
(25, 41, 'wall', [3, 1], 0, [-1, -1])
(25, 42, 'wall', [0, 0], 0, [-1, -1])
(25, 43, 'wall', [0, 0], 0, [-1, -1])
(26, 0, 'wall', [0, 0], 0, [-1, -1])
(26, 1, 'wall', [1, 1], 0, [-1, -1])
(26, 2, 'floor', [2, 4], 90, [-1, -1])
(26, 3, 'floor', [0, 4], 1710, [-1, -1])
(26, 4, 'floor', [0, 4], 0, [-1, -1])
(26, 5, 'floor', [0, 4], 0, [-1, -1])
(26, 6, 'floor', [0, 4], 0, [-1, -1])
(26, 7, 'wall', [9, 4], 0, [-1, -1])
(26, 8, 'wall', [4, 3], 1350, [5, 2])
(26, 9, 'wall', [11, 4], 0, [-1, -1])
(26, 10, 'floor', [2, 4], 90, [-1, -1])
(26, 11, 'floor', [0, 4], 90, [-1, -1])
(26, 12, 'floor', [0, 4], 0, [-1, -1])
(26, 13, 'floor', [0, 4], 0, [-1, -1])
(26, 14, 'wall', [3, 1], 0, [-1, -1])
(26, 15, 'wall', [0, 0], 720, [0, 1])
(26, 16, 'wall', [0, 0], 0, [-1, -1])
(26, 17, 'wall', [0, 0], 0, [-1, -1])
(26, 18, 'wall', [1, 1], 0, [-1, -1])
(26, 19, 'floor', [2, 4], 90, [-1, -1])
(26, 20, 'floor', [0, 4], 0, [-1, -1])
(26, 21, 'floor', [0, 4], 0, [-1, -1])
(26, 22, 'floor', [0, 4], 0, [-1, -1])
(26, 23, 'wall', [3, 1], 0, [-1, -1])
(26, 24, 'wall', [0, 0], 0, [-1, -1])
(26, 25, 'wall', [0, 0], 0, [-1, -1])
(26, 26, 'wall', [0, 0], 0, [-1, -1])
(26, 27, 'wall', [1, 1], 0, [-1, -1])
(26, 28, 'floor', [2, 4], 90, [-1, -1])
(26, 29, 'floor', [0, 4], 0, [-1, -1])
(26, 30, 'floor', [0, 4], 0, [-1, -1])
(26, 31, 'wall', [3, 1], 0, [-1, -1])
(26, 32, 'wall', [0, 0], 0, [-1, -1])
(26, 33, 'wall', [0, 0], 0, [-1, -1])
(26, 34, 'wall', [0, 0], 0, [-1, -1])
(26, 35, 'wall', [0, 0], 0, [-1, -1])
(26, 36, 'wall', [1, 2], 0, [-1, -1])
(26, 37, 'wall', [2, 2], 0, [-1, -1])
(26, 38, 'wall', [2, 2], 0, [-1, -1])
(26, 39, 'wall', [2, 2], 0, [-1, -1])
(26, 40, 'wall', [2, 2], 0, [-1, -1])
(26, 41, 'wall', [3, 2], 0, [-1, -1])
(26, 42, 'wall', [0, 0], 0, [-1, -1])
(26, 43, 'wall', [0, 0], 0, [-1, -1])
(27, 0, 'wall', [0, 0], 0, [-1, -1])
(27, 1, 'wall', [1, 1], 0, [-1, -1])
(27, 2, 'floor', [2, 4], 90, [-1, -1])
(27, 3, 'floor', [1, 4], 1710, [0, 4])
(27, 4, 'floor', [0, 4], 0, [-1, -1])
(27, 5, 'floor', [0, 4], 0, [-1, -1])
(27, 6, 'floor', [0, 4], 0, [-1, -1])
(27, 7, 'floor', [2, 4], 0, [-1, -1])
(27, 8, 'floor', [2, 4], 0, [-1, -1])
(27, 9, 'floor', [2, 4], 0, [-1, -1])
(27, 10, 'floor', [0, 4], 0, [-1, -1])
(27, 11, 'floor', [0, 4], 90, [-1, -1])
(27, 12, 'floor', [0, 4], 0, [-1, -1])
(27, 13, 'floor', [0, 4], 0, [-1, -1])
(27, 14, 'wall', [4, 1], 0, [-1, -1])
(27, 15, 'wall', [3, 0], 0, [-1, -1])
(27, 16, 'wall', [0, 0], 0, [-1, -1])
(27, 17, 'wall', [1, 0], 0, [-1, -1])
(27, 18, 'wall', [5, 1], 0, [-1, -1])
(27, 19, 'floor', [2, 4], 90, [-1, -1])
(27, 20, 'floor', [0, 4], 0, [-1, -1])
(27, 21, 'floor', [0, 4], 0, [-1, -1])
(27, 22, 'floor', [0, 4], 0, [-1, -1])
(27, 23, 'wall', [4, 1], 0, [-1, -1])
(27, 24, 'wall', [3, 0], 0, [-1, -1])
(27, 25, 'wall', [0, 0], 720, [0, 2])
(27, 26, 'wall', [1, 0], 0, [-1, -1])
(27, 27, 'wall', [5, 1], 0, [-1, -1])
(27, 28, 'floor', [2, 4], 90, [-1, -1])
(27, 29, 'floor', [0, 4], 90, [-1, -1])
(27, 30, 'floor', [0, 4], 0, [-1, -1])
(27, 31, 'wall', [3, 1], 0, [-1, -1])
(27, 32, 'wall', [0, 0], 0, [-1, -1])
(27, 33, 'wall', [0, 0], 0, [-1, -1])
(27, 34, 'wall', [0, 0], 720, [0, 1])
(27, 35, 'wall', [0, 0], 0, [-1, -1])
(27, 36, 'wall', [0, 0], 0, [-1, -1])
(27, 37, 'wall', [0, 0], 720, [0, 2])
(27, 38, 'wall', [0, 0], 0, [-1, -1])
(27, 39, 'wall', [0, 0], 0, [-1, -1])
(27, 40, 'wall', [0, 0], 0, [-1, -1])
(27, 41, 'wall', [0, 0], 720, [0, 1])
(27, 42, 'wall', [0, 0], 0, [-1, -1])
(27, 43, 'wall', [0, 0], 0, [-1, -1])
(28, 0, 'wall', [0, 0], 0, [-1, -1])
(28, 1, 'wall', [1, 1], 0, [-1, -1])
(28, 2, 'floor', [2, 4], 90, [-1, -1])
(28, 3, 'floor', [1, 4], 1710, [0, 4])
(28, 4, 'floor', [0, 4], 0, [-1, -1])
(28, 5, 'floor', [0, 4], 1710, [6, 3])
(28, 6, 'floor', [0, 4], 0, [-1, -1])
(28, 7, 'floor', [0, 4], 0, [-1, -1])
(28, 8, 'floor', [0, 4], 0, [-1, -1])
(28, 9, 'floor', [0, 4], 0, [-1, -1])
(28, 10, 'floor', [0, 4], 90, [-1, -1])
(28, 11, 'floor', [0, 4], 90, [-1, -1])
(28, 12, 'floor', [0, 4], 1710, [6, 3])
(28, 13, 'floor', [0, 4], 0, [-1, -1])
(28, 14, 'wall', [9, 4], 0, [-1, -1])
(28, 15, 'wall', [2, 0], 720, [4, 1])
(28, 16, 'wall', [2, 0], 1350, [6, 0])
(28, 17, 'wall', [2, 0], 720, [5, 1])
(28, 18, 'wall', [11, 4], 0, [-1, -1])
(28, 19, 'floor', [2, 4], 90, [-1, -1])
(28, 20, 'floor', [0, 4], 0, [-1, -1])
(28, 21, 'floor', [0, 4], 0, [-1, -1])
(28, 22, 'floor', [0, 4], 0, [-1, -1])
(28, 23, 'wall', [9, 4], 0, [-1, -1])
(28, 24, 'wall', [2, 0], 720, [4, 1])
(28, 25, 'wall', [2, 0], 1350, [6, 0])
(28, 26, 'wall', [2, 0], 720, [5, 1])
(28, 27, 'wall', [11, 4], 0, [-1, -1])
(28, 28, 'floor', [2, 4], 90, [-1, -1])
(28, 29, 'floor', [0, 4], 90, [-1, -1])
(28, 30, 'floor', [0, 4], 0, [-1, -1])
(28, 31, 'wall', [4, 1], 0, [-1, -1])
(28, 32, 'wall', [2, 0], 0, [-1, -1])
(28, 33, 'wall', [2, 0], 0, [-1, -1])
(28, 34, 'wall', [2, 0], 0, [-1, -1])
(28, 35, 'wall', [2, 0], 0, [-1, -1])
(28, 36, 'wall', [2, 0], 0, [-1, -1])
(28, 37, 'wall', [2, 0], 0, [-1, -1])
(28, 38, 'wall', [2, 0], 0, [-1, -1])
(28, 39, 'wall', [2, 0], 0, [-1, -1])
(28, 40, 'wall', [2, 0], 0, [-1, -1])
(28, 41, 'wall', [2, 0], 0, [-1, -1])
(28, 42, 'wall', [3, 0], 0, [-1, -1])
(28, 43, 'wall', [0, 0], 0, [-1, -1])
(29, 0, 'wall', [0, 0], 0, [-1, -1])
(29, 1, 'wall', [1, 1], 0, [-1, -1])
(29, 2, 'floor', [2, 4], 90, [-1, -1])
(29, 3, 'floor', [1, 4], 0, [-1, -1])
(29, 4, 'floor', [0, 4], 1710, [-1, -1])
(29, 5, 'floor', [0, 4], 0, [-1, -1])
(29, 6, 'floor', [0, 4], 0, [-1, -1])
(29, 7, 'wall', [4, 0], 0, [-1, -1])
(29, 8, 'wall', [2, 2], 0, [-1, -1])
(29, 9, 'wall', [5, 0], 0, [-1, -1])
(29, 10, 'floor', [2, 4], 90, [-1, -1])
(29, 11, 'floor', [0, 4], 90, [-1, -1])
(29, 12, 'floor', [0, 4], 0, [-1, -1])
(29, 13, 'floor', [0, 4], 0, [-1, -1])
(29, 14, 'floor', [2, 4], 0, [-1, -1])
(29, 15, 'wall', [9, 4], 0, [-1, -1])
(29, 16, 'wall', [4, 3], 1350, [6, 1])
(29, 17, 'wall', [11, 4], 0, [-1, -1])
(29, 18, 'floor', [4, 4], 90, [5, 7])
(29, 19, 'floor', [0, 4], 0, [-1, -1])
(29, 20, 'floor', [0, 4], 0, [-1, -1])
(29, 21, 'floor', [0, 4], 0, [-1, -1])
(29, 22, 'floor', [0, 4], 0, [-1, -1])
(29, 23, 'floor', [2, 4], 2160, [7, 9])
(29, 24, 'wall', [9, 4], 0, [-1, -1])
(29, 25, 'wall', [4, 3], 1350, [6, 1])
(29, 26, 'wall', [11, 4], 0, [-1, -1])
(29, 27, 'floor', [4, 4], 90, [-1, -1])
(29, 28, 'floor', [1, 4], 0, [-1, -1])
(29, 29, 'floor', [0, 4], 90, [-1, -1])
(29, 30, 'floor', [0, 4], 0, [-1, -1])
(29, 31, 'wall', [9, 4], 0, [-1, -1])
(29, 32, 'wall', [4, 3], 1350, [5, 2])
(29, 33, 'wall', [4, 3], 0, [-1, -1])
(29, 34, 'wall', [4, 3], 0, [-1, -1])
(29, 35, 'wall', [4, 3], 0, [-1, -1])
(29, 36, 'wall', [4, 3], 0, [-1, -1])
(29, 37, 'wall', [4, 3], 1350, [5, 2])
(29, 38, 'wall', [4, 3], 0, [-1, -1])
(29, 39, 'wall', [4, 3], 1710, [10, 3])
(29, 40, 'wall', [4, 3], 1710, [11, 3])
(29, 41, 'wall', [4, 3], 0, [-1, -1])
(29, 42, 'wall', [3, 1], 0, [-1, -1])
(29, 43, 'wall', [0, 0], 0, [-1, -1])
(30, 0, 'wall', [0, 0], 0, [-1, -1])
(30, 1, 'wall', [1, 1], 0, [-1, -1])
(30, 2, 'floor', [2, 4], 90, [-1, -1])
(30, 3, 'floor', [0, 4], 0, [-1, -1])
(30, 4, 'floor', [0, 4], 0, [-1, -1])
(30, 5, 'floor', [0, 4], 0, [-1, -1])
(30, 6, 'floor', [0, 4], 0, [-1, -1])
(30, 7, 'wall', [3, 1], 0, [-1, -1])
(30, 8, 'wall', [0, 0], 0, [-1, -1])
(30, 9, 'wall', [1, 1], 0, [-1, -1])
(30, 10, 'floor', [2, 4], 90, [-1, -1])
(30, 11, 'floor', [0, 4], 90, [-1, -1])
(30, 12, 'floor', [0, 4], 0, [-1, -1])
(30, 13, 'floor', [0, 4], 0, [-1, -1])
(30, 14, 'floor', [0, 4], 0, [-1, -1])
(30, 15, 'floor', [2, 4], 0, [-1, -1])
(30, 16, 'floor', [2, 4], 1350, [6, 2])
(30, 17, 'floor', [2, 4], 0, [-1, -1])
(30, 18, 'floor', [0, 4], 0, [-1, -1])
(30, 19, 'floor', [1, 4], 0, [-1, -1])
(30, 20, 'floor', [0, 4], 0, [-1, -1])
(30, 21, 'floor', [0, 4], 0, [-1, -1])
(30, 22, 'floor', [0, 4], 0, [-1, -1])
(30, 23, 'floor', [0, 4], 0, [-1, -1])
(30, 24, 'floor', [2, 4], 0, [-1, -1])
(30, 25, 'floor', [2, 4], 1350, [6, 2])
(30, 26, 'floor', [2, 4], 0, [-1, -1])
(30, 27, 'floor', [0, 4], 1710, [6, 3])
(30, 28, 'floor', [0, 4], 0, [-1, -1])
(30, 29, 'floor', [0, 4], 0, [-1, -1])
(30, 30, 'floor', [0, 4], 0, [-1, -1])
(30, 31, 'floor', [2, 4], 0, [-1, -1])
(30, 32, 'floor', [2, 4], 0, [-1, -1])
(30, 33, 'floor', [2, 4], 0, [-1, -1])
(30, 34, 'floor', [2, 4], 0, [-1, -1])
(30, 35, 'floor', [2, 4], 0, [-1, -1])
(30, 36, 'floor', [2, 4], 0, [-1, -1])
(30, 37, 'floor', [2, 4], 0, [-1, -1])
(30, 38, 'floor', [2, 4], 0, [-1, -1])
(30, 39, 'floor', [2, 4], 0, [-1, -1])
(30, 40, 'floor', [2, 4], 0, [-1, -1])
(30, 41, 'floor', [2, 4], 0, [-1, -1])
(30, 42, 'wall', [3, 1], 0, [-1, -1])
(30, 43, 'wall', [0, 0], 0, [-1, -1])
(31, 0, 'wall', [0, 0], 0, [-1, -1])
(31, 1, 'wall', [1, 1], 0, [-1, -1])
(31, 2, 'floor', [2, 4], 90, [-1, -1])
(31, 3, 'floor', [0, 4], 0, [-1, -1])
(31, 4, 'floor', [1, 4], 0, [-1, -1])
(31, 5, 'floor', [0, 4], 0, [-1, -1])
(31, 6, 'floor', [0, 4], 0, [-1, -1])
(31, 7, 'wall', [3, 1], 0, [-1, -1])
(31, 8, 'wall', [0, 0], 720, [0, 1])
(31, 9, 'wall', [1, 1], 0, [-1, -1])
(31, 10, 'floor', [2, 4], 90, [-1, -1])
(31, 11, 'floor', [0, 4], 90, [-1, -1])
(31, 12, 'floor', [0, 4], 0, [-1, -1])
(31, 13, 'floor', [0, 4], 0, [-1, -1])
(31, 14, 'floor', [0, 4], 0, [-1, -1])
(31, 15, 'floor', [0, 4], 0, [-1, -1])
(31, 16, 'floor', [0, 4], 0, [-1, -1])
(31, 17, 'floor', [0, 4], 0, [-1, -1])
(31, 18, 'floor', [0, 4], 0, [-1, -1])
(31, 19, 'floor', [0, 4], 0, [-1, -1])
(31, 20, 'floor', [0, 4], 0, [-1, -1])
(31, 21, 'floor', [0, 4], 0, [-1, -1])
(31, 22, 'floor', [0, 4], 0, [-1, -1])
(31, 23, 'floor', [0, 4], 0, [-1, -1])
(31, 24, 'floor', [0, 4], 0, [-1, -1])
(31, 25, 'floor', [0, 4], 0, [-1, -1])
(31, 26, 'floor', [0, 4], 0, [-1, -1])
(31, 27, 'floor', [0, 4], 0, [-1, -1])
(31, 28, 'floor', [0, 4], 0, [-1, -1])
(31, 29, 'floor', [0, 4], 0, [-1, -1])
(31, 30, 'floor', [0, 4], 0, [-1, -1])
(31, 31, 'wall', [4, 0], 0, [-1, -1])
(31, 32, 'wall', [2, 2], 0, [-1, -1])
(31, 33, 'wall', [2, 2], 0, [-1, -1])
(31, 34, 'wall', [2, 2], 0, [-1, -1])
(31, 35, 'wall', [2, 2], 0, [-1, -1])
(31, 36, 'wall', [2, 2], 0, [-1, -1])
(31, 37, 'wall', [5, 0], 0, [-1, -1])
(31, 38, 'floor', [2, 4], 90, [-1, -1])
(31, 39, 'floor', [0, 4], 0, [-1, -1])
(31, 40, 'floor', [0, 4], 0, [-1, -1])
(31, 41, 'floor', [0, 4], 1710, [-1, -1])
(31, 42, 'wall', [3, 1], 0, [-1, -1])
(31, 43, 'wall', [0, 0], 0, [-1, -1])
(32, 0, 'wall', [0, 0], 0, [-1, -1])
(32, 1, 'wall', [1, 1], 0, [-1, -1])
(32, 2, 'floor', [2, 4], 90, [5, 7])
(32, 3, 'floor', [0, 4], 0, [-1, -1])
(32, 4, 'floor', [0, 4], 0, [-1, -1])
(32, 5, 'floor', [0, 4], 0, [-1, -1])
(32, 6, 'floor', [0, 4], 1710, [-1, -1])
(32, 7, 'wall', [3, 1], 0, [-1, -1])
(32, 8, 'wall', [0, 0], 0, [-1, -1])
(32, 9, 'wall', [1, 2], 0, [-1, -1])
(32, 10, 'wall', [2, 2], 0, [-1, -1])
(32, 11, 'wall', [2, 2], 0, [-1, -1])
(32, 12, 'wall', [2, 2], 0, [-1, -1])
(32, 13, 'wall', [2, 2], 0, [-1, -1])
(32, 14, 'wall', [2, 2], 0, [-1, -1])
(32, 15, 'wall', [2, 2], 0, [-1, -1])
(32, 16, 'wall', [2, 2], 0, [-1, -1])
(32, 17, 'wall', [2, 2], 0, [-1, -1])
(32, 18, 'wall', [2, 2], 0, [-1, -1])
(32, 19, 'wall', [2, 2], 0, [-1, -1])
(32, 20, 'wall', [2, 2], 0, [-1, -1])
(32, 21, 'wall', [2, 2], 0, [-1, -1])
(32, 22, 'wall', [2, 2], 0, [-1, -1])
(32, 23, 'wall', [2, 2], 0, [-1, -1])
(32, 24, 'wall', [2, 2], 0, [-1, -1])
(32, 25, 'wall', [2, 2], 0, [-1, -1])
(32, 26, 'wall', [2, 2], 0, [-1, -1])
(32, 27, 'wall', [2, 2], 0, [-1, -1])
(32, 28, 'wall', [2, 2], 0, [-1, -1])
(32, 29, 'wall', [2, 2], 0, [-1, -1])
(32, 30, 'wall', [2, 2], 0, [-1, -1])
(32, 31, 'wall', [3, 2], 0, [-1, -1])
(32, 32, 'wall', [0, 0], 0, [-1, -1])
(32, 33, 'wall', [0, 0], 0, [-1, -1])
(32, 34, 'wall', [0, 0], 0, [-1, -1])
(32, 35, 'wall', [0, 0], 0, [-1, -1])
(32, 36, 'wall', [0, 0], 0, [-1, -1])
(32, 37, 'wall', [1, 1], 0, [-1, -1])
(32, 38, 'floor', [2, 4], 90, [5, 7])
(32, 39, 'floor', [0, 4], 0, [-1, -1])
(32, 40, 'floor', [0, 4], 0, [-1, -1])
(32, 41, 'floor', [0, 4], 1710, [10, 6])
(32, 42, 'wall', [3, 1], 0, [-1, -1])
(32, 43, 'wall', [0, 0], 0, [-1, -1])
(33, 0, 'wall', [0, 0], 0, [-1, -1])
(33, 1, 'wall', [1, 2], 0, [-1, -1])
(33, 2, 'wall', [2, 2], 0, [-1, -1])
(33, 3, 'wall', [2, 2], 0, [-1, -1])
(33, 4, 'wall', [2, 2], 0, [-1, -1])
(33, 5, 'wall', [2, 2], 0, [-1, -1])
(33, 6, 'wall', [2, 2], 0, [-1, -1])
(33, 7, 'wall', [3, 2], 0, [-1, -1])
(33, 8, 'wall', [0, 0], 0, [-1, -1])
(33, 9, 'wall', [0, 0], 0, [-1, -1])
(33, 10, 'wall', [0, 0], 0, [-1, -1])
(33, 11, 'wall', [0, 0], 0, [-1, -1])
(33, 12, 'wall', [0, 0], 0, [-1, -1])
(33, 13, 'wall', [0, 0], 0, [-1, -1])
(33, 14, 'wall', [0, 0], 0, [-1, -1])
(33, 15, 'wall', [0, 0], 0, [-1, -1])
(33, 16, 'wall', [0, 0], 0, [-1, -1])
(33, 17, 'wall', [0, 0], 0, [-1, -1])
(33, 18, 'wall', [0, 0], 0, [-1, -1])
(33, 19, 'wall', [0, 0], 720, [0, 2])
(33, 20, 'wall', [0, 0], 0, [-1, -1])
(33, 21, 'wall', [0, 0], 0, [-1, -1])
(33, 22, 'wall', [0, 0], 0, [-1, -1])
(33, 23, 'wall', [0, 0], 0, [-1, -1])
(33, 24, 'wall', [0, 0], 0, [-1, -1])
(33, 25, 'wall', [0, 0], 0, [-1, -1])
(33, 26, 'wall', [0, 0], 0, [-1, -1])
(33, 27, 'wall', [0, 0], 0, [-1, -1])
(33, 28, 'wall', [0, 0], 720, [0, 2])
(33, 29, 'wall', [0, 0], 0, [-1, -1])
(33, 30, 'wall', [0, 0], 0, [-1, -1])
(33, 31, 'wall', [0, 0], 0, [-1, -1])
(33, 32, 'wall', [0, 0], 0, [-1, -1])
(33, 33, 'wall', [0, 0], 0, [-1, -1])
(33, 34, 'wall', [0, 0], 0, [-1, -1])
(33, 35, 'wall', [0, 0], 0, [-1, -1])
(33, 36, 'wall', [0, 0], 0, [-1, -1])
(33, 37, 'wall', [1, 2], 0, [-1, -1])
(33, 38, 'wall', [2, 2], 0, [-1, -1])
(33, 39, 'wall', [2, 2], 0, [-1, -1])
(33, 40, 'wall', [2, 2], 0, [-1, -1])
(33, 41, 'wall', [2, 2], 0, [-1, -1])
(33, 42, 'wall', [3, 2], 0, [-1, -1])
(33, 43, 'wall', [0, 0], 0, [-1, -1])
(34, 0, 'wall', [0, 0], 0, [-1, -1])
(34, 1, 'wall', [0, 0], 0, [-1, -1])
(34, 2, 'wall', [0, 0], 0, [-1, -1])
(34, 3, 'wall', [0, 0], 0, [-1, -1])
(34, 4, 'wall', [0, 0], 0, [-1, -1])
(34, 5, 'wall', [0, 0], 0, [-1, -1])
(34, 6, 'wall', [0, 0], 0, [-1, -1])
(34, 7, 'wall', [0, 0], 0, [-1, -1])
(34, 8, 'wall', [0, 0], 0, [-1, -1])
(34, 9, 'wall', [0, 0], 720, [0, 2])
(34, 10, 'wall', [0, 0], 0, [-1, -1])
(34, 11, 'wall', [0, 0], 0, [-1, -1])
(34, 12, 'wall', [0, 0], 0, [-1, -1])
(34, 13, 'wall', [0, 0], 720, [0, 1])
(34, 14, 'wall', [0, 0], 720, [0, 1])
(34, 15, 'wall', [0, 0], 0, [-1, -1])
(34, 16, 'wall', [0, 0], 0, [-1, -1])
(34, 17, 'wall', [0, 0], 0, [-1, -1])
(34, 18, 'wall', [0, 0], 0, [-1, -1])
(34, 19, 'wall', [0, 0], 0, [-1, -1])
(34, 20, 'wall', [0, 0], 0, [-1, -1])
(34, 21, 'wall', [0, 0], 0, [-1, -1])
(34, 22, 'wall', [0, 0], 0, [-1, -1])
(34, 23, 'wall', [0, 0], 0, [-1, -1])
(34, 24, 'wall', [0, 0], 720, [0, 1])
(34, 25, 'wall', [0, 0], 720, [0, 1])
(34, 26, 'wall', [0, 0], 0, [-1, -1])
(34, 27, 'wall', [0, 0], 0, [-1, -1])
(34, 28, 'wall', [0, 0], 0, [-1, -1])
(34, 29, 'wall', [0, 0], 0, [-1, -1])
(34, 30, 'wall', [0, 0], 0, [-1, -1])
(34, 31, 'wall', [0, 0], 0, [-1, -1])
(34, 32, 'wall', [0, 0], 0, [-1, -1])
(34, 33, 'wall', [0, 0], 720, [0, 2])
(34, 34, 'wall', [0, 0], 0, [-1, -1])
(34, 35, 'wall', [0, 0], 0, [-1, -1])
(34, 36, 'wall', [0, 0], 0, [-1, -1])
(34, 37, 'wall', [0, 0], 0, [-1, -1])
(34, 38, 'wall', [0, 0], 0, [-1, -1])
(34, 39, 'wall', [0, 0], 0, [-1, -1])
(34, 40, 'wall', [0, 0], 0, [-1, -1])
(34, 41, 'wall', [0, 0], 0, [-1, -1])
(34, 42, 'wall', [0, 0], 0, [-1, -1])
(34, 43, 'wall', [0, 0], 0, [-1, -1])
